"3384725" 4020235 28205 1343636 1371840 353 0.0117355078886722 0.0110618684630385 8.00361283283699 0.000283765744826697 1 1 1 0.000367162602239547 0.0000341040361764006 0.0000284482634985629
"3384725" 9839364 48619 425191 473809 571 0.010736543326683 0.00981097924679652 11.9843975702508 0.000246496175780061 1 1 1 0.000367162602239547 0.0000341040361764006 0.0000284482634985629
"3384725" 10330536 38674 1430192 1468865 405 0.00959300822257848 0.00889486476702694 9.74963272908893 0.00025209786236461 1 1 1 0.000367162602239547 0.0000341040361764006 0.0000284482634985629
"3384725" 16210960 8462 1840120 1848581 98 0.010635783502718 0.00957220515244623 2.28100722760057 0.000269558878232164 1 1 1 0.000367162602239547 0.0000341040361764006 0.0000284482634985629
"3384725" 16394101 29739 1862381 1892119 272 0.00860822488987525 0.00773395204949729 6.47227921387113 0.000217636074308858 1 1 1 0.000367162602239547 0.0000341040361764006 0.0000284482634985629
"3384725" 17174450 4264 469337 473600 61 0.0138367729831144 0.0126641651031895 1.81239779584655 0.000425046387393655 1 1 1 0.000367162602239547 0.0000341040361764006 0.0000284482634985629
"3384725" 19095972 25708 1437654 1463361 272 0.0096857009491209 0.00890773300140034 7.02374065583602 0.000273212255167108 1 1 1 0.000367162602239547 0.0000341040361764006 0.0000284482634985629
"3384725" 20749768 42891 336633 379523 347 0.00748408757081905 0.00666806556153972 6.9615750745886 0.000162308528003278 1 1 1 0.000367162602239547 0.0000341040361764006 0.0000284482634985629
"3384725" 25548883 45514 313866 359379 338 0.00650349343059278 0.00573449927494837 6.74971886470455 0.000148299838834305 1 1 1 0.000367162602239547 0.0000341040361764006 0.0000284482634985629
"3384725" 35217867 48729 1807786 1856514 356 0.00617701984444581 0.0051304151531942 6.7908673548719 0.000139359875123066 1 1 1 0.000367162602239547 0.0000341040361764006 0.0000284482634985629
"3384725" 43613044 38589 740756 779344 143 0.0000777423618129519 0 1.36195533485058 0.0000352938748050114 0 0 1 0.000367162602239547 0.0000341040361764006 0.0000284482634985629
"3384725" 48680184 33142 900433 933574 100 0.000211212358940317 0 1.27743966508329 0.0000385444350094529 0 0 1 0.000367162602239547 0.0000341040361764006 0.0000284482634985629
"3384725" 48964522 10593 1277083 1287675 21 0.000755215708486737 0 0.298027117725799 0.0000281343451076937 1 0 0 0.000367162602239547 0.0000341040361764006 0.0000284482634985629
"3384725" 49835888 28394 6882 35275 71 0.000140874832711136 0 0.936347351935631 0.0000329769441408618 0 0 1 0.000367162602239547 0.0000341040361764006 0.0000284482634985629
"3384725" 50159049 1586 1137771 1139356 4 0 0 0.0148237766139218 0.00000934664351445261 0 0 0 0.000367162602239547 0.0000341040361764006 0.0000284482634985629
"3384725" 50370734 13904 1779813 1793716 31 0.000071921749136939 0 0.171184059279738 0.0000123118569677602 0 0 0 0.000367162602239547 0.0000341040361764006 0.0000284482634985629
"3384725" 50544762 12620 1912381 1925000 42 0.000475435816164818 0 0.329105099806078 0.0000260780586217177 1 0 0 0.000367162602239547 0.0000341040361764006 0.0000284482634985629
"3384725" 50557208 9026 2000540 2009565 17 0.00022158209616663 0 0 0 0 0 0 0.000367162602239547 0.0000341040361764006 0.0000284482634985629
"3384725" 50791314 10253 1510317 1520569 24 0.0000975324295328197 0 0.252678939032067 0.0000246443908155727 0 0 0 0.000367162602239547 0.0000341040361764006 0.0000284482634985629
"3384725" 51642117 26413 801235 827647 66 0.000340741301631772 0 0.580427888468133 0.0000219750838022236 0 0 0 0.000367162602239547 0.0000341040361764006 0.0000284482634985629
"3384725" 51827752 40385 553056 593440 89 0.000148570013618918 0 0.632449234573891 0.0000156604985656529 0 0 0 0.000367162602239547 0.0000341040361764006 0.0000284482634985629
"3384725" 51832988 13675 925628 939302 43 0.000219378427787934 0 0.463730118265421 0.0000339107947543269 0 0 1 0.000367162602239547 0.0000341040361764006 0.0000284482634985629
"3384725" 51914538 32990 248329 281318 92 0.000303122158229767 0 0.772322159718319 0.0000234107959902491 0 0 0 0.000367162602239547 0.0000341040361764006 0.0000284482634985629
"3384725" 51983321 29489 1018428 1047916 84 0.000271287598765641 0 0.737066331487471 0.0000249946194000295 0 0 0 0.000367162602239547 0.0000341040361764006 0.0000284482634985629
"3384843" 4706777 47317 538440 585756 620 0.0113701206754443 0.0108206352896422 12.1222809150152 0.000256192930976504 1 1 1 0.000141127222934694 0.0000477661369932809 0.0000337706264869372
"3384843" 5608070 32208 1366390 1398597 404 0.0103700943864878 0.00984227521112767 7.4688299229469 0.000231893626519712 1 1 1 0.000141127222934694 0.0000477661369932809 0.0000337706264869372
"3384843" 14377996 45350 5207 50556 450 0.00769570011025358 0.00723263506063947 6.74844001008678 0.000148807938480414 1 1 1 0.000141127222934694 0.0000477661369932809 0.0000337706264869372
"3384843" 14615972 48697 603471 652167 541 0.00926135080189745 0.00872743700843994 10.5645499833427 0.000216944575299149 1 1 1 0.000141127222934694 0.0000477661369932809 0.0000337706264869372
"3384843" 19057747 32960 1857775 1890734 305 0.00722087378640777 0.00700849514563107 4.57800338452008 0.000138895733753643 1 1 1 0.000141127222934694 0.0000477661369932809 0.0000337706264869372
"3384843" 27097916 12293 1860869 1873161 109 0.00683315708126576 0.00667046286504515 1.6278329456682 0.00013241950261679 1 1 1 0.000141127222934694 0.0000477661369932809 0.0000337706264869372
"3384843" 32277844 40496 548719 589214 507 0.0107418016594232 0.0103467009087317 10.5875585054861 0.000261447019594185 1 1 1 0.000141127222934694 0.0000477661369932809 0.0000337706264869372
"3384843" 37442845 35024 10561 45584 336 0.00730927364093193 0.00688099588853358 4.73120824745512 0.000135084748956576 1 1 1 0.000141127222934694 0.0000477661369932809 0.0000337706264869372
"3384843" 37911540 4312 528965 533276 33 0.00510204081632653 0.00463821892393321 0.46700113557882 0.000108302675226999 1 1 1 0.000141127222934694 0.0000477661369932809 0.0000337706264869372
"3384843" 38773149 35653 1823842 1859494 200 0.00361820884638039 0.00325358314868314 2.69559220594002 0.000075606322215242 1 1 1 0.000141127222934694 0.0000477661369932809 0.0000337706264869372
"3384843" 40387755 36319 631743 668061 289 0.00616757069302569 0.00558936094055453 4.8204872745914 0.000132726321611041 1 1 1 0.000141127222934694 0.0000477661369932809 0.0000337706264869372
"3384843" 45035173 20685 1303815 1324499 89 0 0 1.17619020333201 0.0000568619871081467 0 0 1 0.000141127222934694 0.0000477661369932809 0.0000337706264869372
"3384843" 45522443 35598 902909 938506 141 0 0 1.68847103277528 0.0000474316262929175 0 0 1 0.000141127222934694 0.0000477661369932809 0.0000337706264869372
"3384843" 50385878 20334 1501812 1522145 67 0 0 0.726170576140128 0.0000357121361335757 0 0 1 0.000141127222934694 0.0000477661369932809 0.0000337706264869372
"3384843" 51188677 48633 1606232 1654864 154 0.0000616865091604466 0 1.23370347139696 0.0000253676201632012 0 0 0 0.000141127222934694 0.0000477661369932809 0.0000337706264869372
"3384843" 51351602 45793 1541569 1587361 170 0.0000655121961871902 0 1.04747296107252 0.0000228740847088534 0 0 0 0.000141127222934694 0.0000477661369932809 0.0000337706264869372
"3384843" 51379702 11413 1603214 1614626 41 0.0000876193814071673 0 0.304817413165388 0.0000267079131836842 0 0 0 0.000141127222934694 0.0000477661369932809 0.0000337706264869372
"3384843" 51537764 17656 278171 295826 58 0 0 0.50317562978539 0.0000284988462723941 0 0 0 0.000141127222934694 0.0000477661369932809 0.0000337706264869372
"3384843" 52039995 47527 1624206 1671732 167 0.0000420813432364761 0 1.3874883343004 0.0000291936864161507 0 0 0 0.000141127222934694 0.0000477661369932809 0.0000337706264869372
"3384725" 4020235 28205 1343636 1371840 353 0.0117355078886722 0.0110618684630385 8.00361283283699 0.000283765744826697 1 1 1 0.000367162602239547 0.0000341040361764006 0.0000284482634985629
"3384725" 9839364 48619 425191 473809 571 0.010736543326683 0.00981097924679652 11.9843975702508 0.000246496175780061 1 1 1 0.000367162602239547 0.0000341040361764006 0.0000284482634985629
"3384725" 10330536 38674 1430192 1468865 405 0.00959300822257848 0.00889486476702694 9.74963272908893 0.00025209786236461 1 1 1 0.000367162602239547 0.0000341040361764006 0.0000284482634985629
"3384725" 16210960 8462 1840120 1848581 98 0.010635783502718 0.00957220515244623 2.28100722760057 0.000269558878232164 1 1 1 0.000367162602239547 0.0000341040361764006 0.0000284482634985629
"3384725" 16394101 29739 1862381 1892119 272 0.00860822488987525 0.00773395204949729 6.47227921387113 0.000217636074308858 1 1 1 0.000367162602239547 0.0000341040361764006 0.0000284482634985629
"3384725" 17174450 4264 469337 473600 61 0.0138367729831144 0.0126641651031895 1.81239779584655 0.000425046387393655 1 1 1 0.000367162602239547 0.0000341040361764006 0.0000284482634985629
"3384725" 19095972 25708 1437654 1463361 272 0.0096857009491209 0.00890773300140034 7.02374065583602 0.000273212255167108 1 1 1 0.000367162602239547 0.0000341040361764006 0.0000284482634985629
"3384725" 20749768 42891 336633 379523 347 0.00748408757081905 0.00666806556153972 6.9615750745886 0.000162308528003278 1 1 1 0.000367162602239547 0.0000341040361764006 0.0000284482634985629
"3384725" 25548883 45514 313866 359379 338 0.00650349343059278 0.00573449927494837 6.74971886470455 0.000148299838834305 1 1 1 0.000367162602239547 0.0000341040361764006 0.0000284482634985629
"3384725" 35217867 48729 1807786 1856514 356 0.00617701984444581 0.0051304151531942 6.7908673548719 0.000139359875123066 1 1 1 0.000367162602239547 0.0000341040361764006 0.0000284482634985629
"3384725" 43613044 38589 740756 779344 143 0.0000777423618129519 0 1.36195533485058 0.0000352938748050114 0 0 1 0.000367162602239547 0.0000341040361764006 0.0000284482634985629
"3384725" 48680184 33142 900433 933574 100 0.000211212358940317 0 1.27743966508329 0.0000385444350094529 0 0 1 0.000367162602239547 0.0000341040361764006 0.0000284482634985629
"3384725" 48964522 10593 1277083 1287675 21 0.000755215708486737 0 0.298027117725799 0.0000281343451076937 1 0 0 0.000367162602239547 0.0000341040361764006 0.0000284482634985629
"3384725" 49835888 28394 6882 35275 71 0.000140874832711136 0 0.936347351935631 0.0000329769441408618 0 0 1 0.000367162602239547 0.0000341040361764006 0.0000284482634985629
"3384725" 50159049 1586 1137771 1139356 4 0 0 0.0148237766139218 0.00000934664351445261 0 0 0 0.000367162602239547 0.0000341040361764006 0.0000284482634985629
"3384725" 50370734 13904 1779813 1793716 31 0.000071921749136939 0 0.171184059279738 0.0000123118569677602 0 0 0 0.000367162602239547 0.0000341040361764006 0.0000284482634985629
"3384725" 50544762 12620 1912381 1925000 42 0.000475435816164818 0 0.329105099806078 0.0000260780586217177 1 0 0 0.000367162602239547 0.0000341040361764006 0.0000284482634985629
"3384725" 50557208 9026 2000540 2009565 17 0.00022158209616663 0 0 0 0 0 0 0.000367162602239547 0.0000341040361764006 0.0000284482634985629
"3384725" 50791314 10253 1510317 1520569 24 0.0000975324295328197 0 0.252678939032067 0.0000246443908155727 0 0 0 0.000367162602239547 0.0000341040361764006 0.0000284482634985629
"3384725" 51642117 26413 801235 827647 66 0.000340741301631772 0 0.580427888468133 0.0000219750838022236 0 0 0 0.000367162602239547 0.0000341040361764006 0.0000284482634985629
"3384725" 51827752 40385 553056 593440 89 0.000148570013618918 0 0.632449234573891 0.0000156604985656529 0 0 0 0.000367162602239547 0.0000341040361764006 0.0000284482634985629
"3384725" 51832988 13675 925628 939302 43 0.000219378427787934 0 0.463730118265421 0.0000339107947543269 0 0 1 0.000367162602239547 0.0000341040361764006 0.0000284482634985629
"3384725" 51914538 32990 248329 281318 92 0.000303122158229767 0 0.772322159718319 0.0000234107959902491 0 0 0 0.000367162602239547 0.0000341040361764006 0.0000284482634985629
"3384725" 51983321 29489 1018428 1047916 84 0.000271287598765641 0 0.737066331487471 0.0000249946194000295 0 0 0 0.000367162602239547 0.0000341040361764006 0.0000284482634985629
