sim_gen uniqueInvMuts localAdaptSA localAdaptHA_P1 localAdaptHA_P2 localAdaptLF_P1 localAdaptLF_P2 meanFitP1 sdFitP1 meanPhenoP1 sdPhenoP1 meanFitP2 sdFitP2 meanPhenoP2 sdPhenoP2 
200 21 0.000451115 -0.00124759 0.00214982 0.000458397 0.000443833 0.410579 0.0129988 -0.000854128 0.0178227 0.41227 0.0124744 -0.00147134 0.0170447
400 23 0.00115587 -0.00641819 0.00872994 0.00116402 0.00114772 0.408085 0.0182058 -0.00439293 0.0249711 0.415651 0.0176403 -0.00597591 0.0240488
600 26 0.000496238 -0.00307765 0.00407013 0.00051674 0.000475737 0.409825 0.0216496 -0.00210843 0.0297276 0.413378 0.0208102 -0.00278716 0.0284255
800 22 0.000654689 0.0219211 -0.0206117 0.00064125 0.000668128 0.422476 0.02555 0.0150169 0.0346177 0.401223 0.0257553 0.0141211 0.035668
1000 23 -0.000120731 -0.000837851 0.000596389 -0.000107718 -0.000133744 0.411084 0.0270583 -0.000575721 0.0371319 0.411788 0.0266772 -0.000409337 0.0365151
1200 27 0.0014621 -0.00253344 0.00545763 0.00146636 0.00145783 0.410311 0.0295921 -0.00173355 0.0405377 0.414302 0.0294626 -0.00374205 0.040214
1400 32 -0.00174894 -0.0154808 0.0119829 -0.001718 -0.00177989 0.403893 0.0300703 -0.0106123 0.0415832 0.417593 0.0299373 -0.00821161 0.0407978
1600 35 0.000404464 -0.00496054 0.00576947 0.000406886 0.000402041 0.409187 0.032107 -0.00340287 0.044181 0.414549 0.0323047 -0.0039603 0.0440295
1800 29 0.000911494 0.0237995 -0.0219766 0.000995913 0.000827075 0.423714 0.0348183 0.0163237 0.0471361 0.400742 0.0319123 0.0150683 0.0442772
2000 30 0.00242383 0.00577897 -0.00093132 0.00241009 0.00243756 0.414665 0.0353399 0.00396313 0.048316 0.411324 0.0356583 0.000641693 0.0489811
2200 33 0.0023053 0.0448935 -0.0402829 0.00234079 0.0022698 0.43457 0.0383273 0.0308116 0.0514024 0.391947 0.0371058 0.0276437 0.0519696
2400 32 0.000435504 0.0581362 -0.0572651 0.000517333 0.000353674 0.441435 0.0402402 0.0399242 0.0535888 0.383652 0.0361378 0.0393118 0.0512312
2600 34 -7.02034e-05 0.0703147 -0.0704551 -0.000144524 4.11756e-06 0.447728 0.0403788 0.0482973 0.053522 0.377418 0.0390639 0.0484077 0.0558687
2800 38 -0.00152229 0.068784 -0.0718286 -0.00159505 -0.00144954 0.447029 0.0426031 0.0472584 0.0565565 0.376795 0.0399925 0.0493523 0.0570822
3000 30 -0.000555886 0.125561 -0.126672 -0.000531671 -0.000580102 0.476905 0.0444726 0.086446 0.0577116 0.350764 0.0375824 0.0871954 0.0557567
3200 29 0.000122335 0.111609 -0.111364 8.33276e-05 0.000161342 0.469489 0.0439859 0.0767834 0.0575209 0.358042 0.0402452 0.0766365 0.0589892
3400 35 0.000909805 0.138522 -0.136702 0.000935291 0.000884318 0.483919 0.0467173 0.0954615 0.060332 0.346282 0.0411409 0.0942176 0.0615842
3600 37 0.00136598 0.127634 -0.124902 0.00151851 0.00121345 0.478243 0.0497859 0.0879596 0.0647175 0.351823 0.0424381 0.0860533 0.0629705
3800 28 -0.00279038 0.0733964 -0.0789771 -0.00289425 -0.00268651 0.449757 0.050288 0.0505195 0.0665074 0.373674 0.0460363 0.0543508 0.0662631
4000 33 0.0014953 0.0859798 -0.0829892 0.00157178 0.00141882 0.45624 0.0487598 0.0591547 0.0644413 0.371679 0.0445802 0.0570926 0.064161
4200 24 -0.000534371 0.0973166 -0.0983853 -0.000536291 -0.000532451 0.462084 0.0469441 0.0669598 0.0616275 0.364235 0.0418552 0.067692 0.0608849
4400 25 0.00182731 0.0582103 -0.0545557 0.00187133 0.00178329 0.4419 0.0498061 0.0400462 0.0664065 0.385473 0.0470656 0.0375231 0.0666712
4600 21 0.000353391 0.0512634 -0.0505566 0.000416425 0.000290356 0.438386 0.0507732 0.0352666 0.0679824 0.387413 0.0471387 0.0347653 0.0665508
4800 30 -0.000474929 0.037877 -0.0388269 -0.000528421 -0.000421438 0.431479 0.0493911 0.0260515 0.066493 0.393181 0.0482176 0.0267001 0.0676588
5000 25 -0.000895243 0.0281335 -0.029924 -0.000911889 -0.000878598 0.426504 0.0487821 0.0193492 0.0659622 0.397492 0.0473144 0.0205693 0.0660143
5200 32 -0.0021939 0.0388751 -0.0432629 -0.00213012 -0.00225767 0.432 0.0496235 0.0267377 0.0667951 0.390868 0.0452204 0.0297444 0.0637338
5400 29 -0.00498803 0.0775881 -0.0875641 -0.00523099 -0.00474506 0.452108 0.0537975 0.0534481 0.0710985 0.369775 0.0495975 0.0603186 0.0716931
5600 26 -0.000453478 0.13773 -0.138637 -0.000596198 -0.000310758 0.483636 0.0498244 0.0949589 0.0645005 0.345596 0.0451091 0.0956432 0.0676393
5800 23 0.00116752 0.184859 -0.182524 0.00116125 0.00117379 0.50947 0.0563825 0.127929 0.0721688 0.325785 0.0487549 0.126369 0.0752683
6000 27 -0.00205046 0.155887 -0.159987 -0.00225631 -0.00184461 0.493664 0.0553359 0.10768 0.0713652 0.335933 0.0474671 0.110587 0.0724725
6200 31 0.00220538 0.178382 -0.173972 0.0023044 0.00210636 0.505721 0.0521477 0.123306 0.0667125 0.329445 0.0453224 0.120279 0.0695902
6400 28 0.00568028 0.138105 -0.126744 0.00626485 0.00509571 0.484168 0.0564919 0.095335 0.0733298 0.351159 0.0461452 0.0873901 0.0684006
6600 27 0.000582117 0.103574 -0.10241 0.000464475 0.000699759 0.465781 0.0551766 0.0713792 0.0725517 0.362907 0.0520769 0.070653 0.0763796
6800 28 -0.00308124 0.119724 -0.125886 -0.00322984 -0.00293265 0.474315 0.0553664 0.0825701 0.0722726 0.351658 0.0478903 0.0868337 0.0710261
7000 24 -0.00310696 0.12068 -0.126894 -0.00337624 -0.00283767 0.474896 0.0567628 0.0832537 0.0741385 0.351379 0.0509053 0.0876223 0.0759623
7200 28 -0.000213227 0.139358 -0.139784 -0.00012882 -0.000297634 0.484867 0.0570965 0.096222 0.0740326 0.345212 0.0477946 0.0964873 0.0715339
7400 29 0.000723935 0.129173 -0.127725 0.000803261 0.000644608 0.479432 0.0573207 0.0891669 0.0744793 0.350904 0.0497297 0.0881336 0.0736548
7600 25 -0.000168674 0.115483 -0.115821 -0.000137922 -0.000199426 0.472096 0.0559442 0.0796466 0.0730934 0.356413 0.0488489 0.0798784 0.0721157
7800 33 0.00104333 0.140353 -0.138267 0.00101399 0.00107268 0.48531 0.0555587 0.0969 0.0718234 0.34603 0.0497545 0.0954815 0.0744807
8000 35 -0.00180013 0.110474 -0.114074 -0.00185491 -0.00174536 0.469466 0.0562685 0.0761832 0.0737066 0.357247 0.0494199 0.0786399 0.0723028
8200 36 0.00367373 0.0597027 -0.0523553 0.00373954 0.00360792 0.442912 0.0545451 0.0411148 0.0727681 0.386817 0.0521824 0.0360395 0.0737555
8400 35 0.000144504 0.0808791 -0.08059 1.79172e-05 0.00027109 0.45405 0.057832 0.0557474 0.0766711 0.373442 0.0554335 0.0555706 0.0797751
8600 42 0.00427871 0.114878 -0.106321 0.00459674 0.00396067 0.471988 0.0601615 0.0793281 0.0784617 0.361071 0.0521787 0.0733633 0.076702
8800 38 0.00319291 0.14025 -0.133865 0.00340465 0.00298117 0.485475 0.0596526 0.0969071 0.0772976 0.348206 0.0519957 0.0924754 0.0776653
9000 26 0.00326868 0.162858 -0.156321 0.00354701 0.00299035 0.497622 0.0592395 0.11265 0.0761284 0.337754 0.0501348 0.108064 0.0758625
9200 33 0.000370644 0.174406 -0.173665 0.000522093 0.000219194 0.504054 0.0623793 0.120813 0.0799301 0.329868 0.050021 0.120215 0.0769661
9400 32 0.000799757 0.156005 -0.154405 0.000805818 0.000793695 0.493976 0.0604074 0.107904 0.0777234 0.338766 0.05225 0.106798 0.0791467
9600 33 -0.0012352 0.152772 -0.155243 -0.00140476 -0.00106565 0.492222 0.0597306 0.105596 0.0772972 0.338384 0.0522047 0.107387 0.0791811
9800 33 0.00132355 0.160981 -0.158334 0.00117871 0.00146839 0.496633 0.059594 0.111336 0.0767482 0.337121 0.0543583 0.109631 0.0829025
10000 35 -0.000311038 0.215313 -0.215935 -0.000409758 -0.000212318 0.526466 0.0607545 0.149478 0.0770288 0.310941 0.0495973 0.149928 0.078424
10200 33 0.021184 0.0667956 -0.0244276 0.0215538 0.0208143 0.447047 0.0628471 0.0460917 0.0838169 0.401065 0.0620976 0.0168464 0.0866712
10400 36 0.018691 0.0193058 0.0180761 0.0188562 0.0185257 0.422848 0.062719 0.0133251 0.0854565 0.422068 0.0600707 -0.0124565 0.0820061
10600 30 0.0233988 0.0509077 -0.00411016 0.0238068 0.0229908 0.439136 0.0662659 0.0351044 0.0896451 0.411219 0.0637368 0.00283819 0.0880529
10800 36 0.0172447 0.0270058 0.00748351 0.0173296 0.0171598 0.42662 0.0607941 0.0186029 0.0828111 0.416774 0.0599384 -0.00510934 0.082851
11000 45 0.021241 0.0270172 0.0154649 0.0213969 0.0210851 0.427066 0.0673912 0.0186312 0.0919263 0.421134 0.0657739 -0.0106626 0.0900757
11200 44 0.018957 0.0489425 -0.0110285 0.0192406 0.0186734 0.438067 0.0653569 0.0337491 0.0883016 0.407798 0.0636989 0.00763647 0.0886279
11400 30 0.0230891 0.0196346 0.0265436 0.0231883 0.0229899 0.423304 0.0672511 0.0135899 0.0916091 0.42666 0.0649178 -0.0182914 0.0885659
11600 39 0.0274545 0.00879385 0.0461151 0.0271809 0.027728 0.417911 0.0677194 0.0060879 0.092837 0.436845 0.0687753 -0.0318427 0.0929016
11800 31 0.0267907 0.0488787 0.00470268 0.0272219 0.0263595 0.438553 0.0727791 0.0337667 0.0984783 0.416034 0.0698333 -0.00324432 0.096186
12000 40 0.0261779 0.0247476 0.0276081 0.02628 0.0260757 0.426386 0.0736058 0.0170657 0.100989 0.427714 0.0729254 -0.0191526 0.0988228
12200 34 0.0230996 0.0515265 -0.00532738 0.0235509 0.0226482 0.43998 0.074057 0.0356445 0.099838 0.411102 0.0704303 0.00370931 0.097721
12400 40 0.0233777 0.0421987 0.00455667 0.0235914 0.023164 0.435359 0.076121 0.0292472 0.102839 0.416324 0.0744683 -0.00311913 0.103026
12600 34 0.0278895 0.0256924 0.0300865 0.0279502 0.0278287 0.427726 0.08466 0.0178418 0.11579 0.429862 0.0839702 -0.0209183 0.114319
12800 34 0.0301428 0.040328 0.0199577 0.0303178 0.0299678 0.434705 0.0791656 0.0278743 0.108096 0.424344 0.0784494 -0.0137979 0.107632
13000 33 0.0259117 0.0168844 0.0349389 0.0262125 0.0256108 0.423302 0.0845565 0.0117093 0.116313 0.432029 0.0803194 -0.0242211 0.109255
13200 38 0.0318018 0.0127805 0.050823 0.0312199 0.0323836 0.420872 0.0798911 0.00881146 0.110365 0.440475 0.0845034 -0.0352286 0.114712
13400 35 0.028594 0.0415789 0.015609 0.0284133 0.0287746 0.435716 0.0845115 0.0289088 0.114328 0.422912 0.0875348 -0.0108641 0.120367
13600 41 0.0413292 0.0391872 0.0434713 0.0414582 0.0412003 0.435413 0.0942345 0.0272879 0.128626 0.437426 0.0923007 -0.0301998 0.125972
13800 29 0.0437804 0.0526994 0.0348614 0.0436799 0.043881 0.442024 0.0909487 0.0365593 0.123888 0.433206 0.0939322 -0.0242555 0.128347
14000 33 0.0430406 0.0293869 0.0566944 0.0426978 0.0433835 0.430717 0.0967128 0.0204627 0.132722 0.444713 0.0984851 -0.0395558 0.133751
14200 40 0.0498289 0.0623649 0.0372928 0.0505016 0.0491561 0.448723 0.108375 0.0434942 0.148391 0.435514 0.104916 -0.026102 0.143757
14400 32 0.0508453 0.0181652 0.0835253 0.0503272 0.0513634 0.426522 0.109322 0.0124881 0.152986 0.45972 0.109562 -0.058365 0.148611
14600 31 0.0634144 0.0234436 0.103385 0.0620632 0.0647657 0.430213 0.118261 0.0162249 0.165338 0.471535 0.122976 -0.0727199 0.166539
14800 30 0.0718063 0.117891 0.0257218 0.0733732 0.0702394 0.4806 0.134922 0.0834229 0.183026 0.432948 0.131027 -0.0179258 0.183849
15000 36 0.0921797 0.0864892 0.0978703 0.0919199 0.0924396 0.46538 0.142721 0.0612573 0.196667 0.47133 0.14325 -0.0693266 0.197822
15200 29 0.109777 0.098565 0.120989 0.109928 0.109626 0.473603 0.156099 0.0702639 0.216459 0.484664 0.151415 -0.0859852 0.209261
15400 28 0.137307 0.123991 0.150624 0.138134 0.13648 0.489419 0.172238 0.0892015 0.239817 0.501909 0.162154 -0.107734 0.223233
15600 32 0.17367 0.163026 0.184314 0.174002 0.173338 0.521083 0.226595 0.11983 0.32977 0.531395 0.223745 -0.136924 0.320922
15800 35 0.261362 0.273475 0.249248 0.262012 0.260711 0.59503 0.282894 0.212091 0.428939 0.582267 0.285669 -0.193216 0.437286
16000 34 0.366902 0.337222 0.396583 0.363587 0.370218 0.641315 0.318097 0.272291 0.515236 0.67431 0.312718 -0.324663 0.502462
16200 37 0.353115 0.320798 0.385432 0.353229 0.353002 0.644843 0.357801 0.270124 0.605381 0.677046 0.34297 -0.323345 0.575958
16400 37 0.381139 0.404495 0.357784 0.381362 0.380917 0.686665 0.338858 0.339889 0.57829 0.663087 0.348768 -0.295689 0.59738
16600 44 0.380651 0.371873 0.389429 0.379484 0.381818 0.671966 0.352685 0.313968 0.603988 0.681911 0.355313 -0.343117 0.613043
16800 37 0.387226 0.38857 0.385882 0.389038 0.385415 0.681543 0.354698 0.337907 0.610122 0.678388 0.349503 -0.330854 0.59935
17000 38 0.352697 0.352739 0.352655 0.351201 0.354193 0.664034 0.362759 0.298987 0.635653 0.665489 0.368552 -0.308964 0.651513
17200 36 0.392678 0.395196 0.390159 0.391657 0.393698 0.688377 0.364936 0.344619 0.652347 0.686879 0.368268 -0.3452 0.655773
17400 31 0.401989 0.417801 0.386177 0.400699 0.40328 0.697732 0.353296 0.365137 0.624314 0.683211 0.366502 -0.342091 0.652149
17600 31 0.408474 0.443799 0.37315 0.40749 0.409458 0.715094 0.359576 0.396064 0.656582 0.680754 0.382519 -0.338946 0.699541
17800 37 0.428025 0.422481 0.433569 0.428176 0.427874 0.707045 0.375457 0.3881 0.69289 0.712439 0.370886 -0.389902 0.685721
18000 36 0.414023 0.432675 0.395371 0.414859 0.413187 0.709855 0.366515 0.39452 0.664561 0.690367 0.372127 -0.356906 0.687553
18200 33 0.410528 0.412282 0.408774 0.409442 0.411615 0.699642 0.368849 0.366271 0.67078 0.698975 0.374494 -0.370821 0.684534
18400 25 0.412912 0.398846 0.426977 0.412705 0.413118 0.69671 0.388049 0.374165 0.730242 0.710982 0.380228 -0.393035 0.718474
18600 33 0.399191 0.392096 0.406285 0.398703 0.399678 0.692652 0.38757 0.367104 0.739078 0.700233 0.385926 -0.379668 0.729032
18800 33 0.412488 0.426943 0.398033 0.412581 0.412395 0.707777 0.370627 0.39424 0.679978 0.693229 0.378014 -0.363037 0.701594
19000 45 0.410487 0.370931 0.450042 0.409113 0.411861 0.680896 0.390753 0.344476 0.743418 0.721825 0.376416 -0.430949 0.721143
19200 34 0.417126 0.39511 0.439141 0.41924 0.415012 0.695258 0.394776 0.38324 0.761781 0.715159 0.377396 -0.423842 0.734982
19400 31 0.441039 0.4474 0.434678 0.441555 0.440523 0.723146 0.386116 0.428173 0.765145 0.716268 0.388935 -0.419344 0.767792
19600 33 0.441374 0.474285 0.408462 0.441239 0.441508 0.734646 0.37213 0.457425 0.722041 0.701869 0.391259 -0.394653 0.75717
19800 28 0.461961 0.45587 0.468052 0.461899 0.462023 0.726991 0.38585 0.45508 0.772936 0.733144 0.381389 -0.453955 0.760428
20000 34 0.397103 0.396615 0.397592 0.39721 0.396997 0.695059 0.392144 0.39182 0.767418 0.695441 0.390183 -0.365898 0.751872
20200 31 0.415652 0.422199 0.409105 0.416139 0.415165 0.704547 0.370686 0.391824 0.699278 0.697513 0.373231 -0.373751 0.704863
20400 29 0.407869 0.417194 0.398543 0.406229 0.409508 0.704654 0.384147 0.392545 0.758868 0.696968 0.396829 -0.398124 0.775966
20600 39 0.410223 0.400918 0.419527 0.409306 0.411139 0.695858 0.387221 0.383503 0.755718 0.70608 0.383287 -0.393443 0.742342
20800 30 0.424229 0.430275 0.418184 0.424195 0.424264 0.712435 0.38415 0.407136 0.750963 0.706424 0.389115 -0.407366 0.760479
21000 33 0.406927 0.418406 0.395447 0.408233 0.405621 0.707721 0.38985 0.404715 0.759332 0.694936 0.392423 -0.373324 0.767419
21200 30 0.405639 0.415428 0.39585 0.406434 0.404844 0.70601 0.393958 0.417303 0.774302 0.695425 0.395396 -0.375654 0.785091
21400 31 0.401576 0.368974 0.434179 0.398304 0.404849 0.681333 0.399036 0.35012 0.793278 0.717208 0.395975 -0.423069 0.794319
21600 30 0.441683 0.415504 0.467863 0.440519 0.442848 0.705293 0.391433 0.394981 0.784159 0.732637 0.383065 -0.458024 0.769384
21800 34 0.416105 0.413145 0.419064 0.416068 0.416141 0.705609 0.39878 0.414648 0.797407 0.708605 0.395073 -0.401183 0.792242
22000 36 0.461218 0.428357 0.494079 0.460868 0.461568 0.711898 0.39036 0.414372 0.78451 0.745109 0.372482 -0.490429 0.740277
22200 32 0.401494 0.421836 0.381153 0.40299 0.399998 0.709096 0.392286 0.408411 0.789314 0.687259 0.399484 -0.382167 0.796158
22400 29 0.398753 0.419257 0.37825 0.395692 0.401815 0.702803 0.382922 0.422024 0.768814 0.685361 0.400415 -0.364595 0.802587
22600 32 0.411554 0.425281 0.397827 0.409437 0.413671 0.707856 0.386323 0.414985 0.780628 0.696246 0.395097 -0.384068 0.785676
22800 30 0.372678 0.366618 0.378737 0.370915 0.37444 0.679364 0.400991 0.363887 0.801686 0.687186 0.40246 -0.367173 0.808591
23000 34 0.418048 0.441038 0.395058 0.417478 0.418618 0.718063 0.384503 0.435808 0.760558 0.695643 0.398056 -0.384434 0.797046
23200 26 0.452214 0.469081 0.435346 0.450005 0.454422 0.73002 0.373017 0.457176 0.749687 0.715361 0.386877 -0.432624 0.767504
23400 30 0.424172 0.410283 0.438061 0.42319 0.425154 0.703418 0.397434 0.410938 0.797657 0.718289 0.390202 -0.425978 0.778551
23600 34 0.458748 0.460994 0.456502 0.458834 0.458662 0.728217 0.380133 0.438759 0.756162 0.725884 0.384666 -0.462816 0.777593
23800 37 0.410325 0.39293 0.42772 0.407153 0.413497 0.690987 0.392493 0.391479 0.787786 0.711553 0.390624 -0.421241 0.783229
24000 38 0.424914 0.408156 0.441672 0.424334 0.425495 0.69972 0.389136 0.395085 0.780825 0.717059 0.383294 -0.431311 0.766601
24200 39 0.411983 0.408771 0.415195 0.410559 0.413407 0.698269 0.382967 0.377971 0.759406 0.702905 0.387008 -0.415103 0.766442
24400 36 0.430327 0.452579 0.408075 0.431462 0.429192 0.723946 0.384807 0.447474 0.76876 0.700559 0.394872 -0.418034 0.79813
24600 32 0.411631 0.39661 0.426651 0.409815 0.413446 0.692959 0.38885 0.382925 0.779347 0.709795 0.387649 -0.423546 0.772269
24800 34 0.40586 0.401616 0.410104 0.405293 0.406426 0.695875 0.393888 0.397627 0.796927 0.700686 0.396599 -0.421133 0.825764
25000 34 0.4258 0.439775 0.411826 0.425884 0.425716 0.715504 0.387043 0.436335 0.792172 0.701445 0.394393 -0.411714 0.81813
25200 40 0.423939 0.442582 0.405297 0.422293 0.425585 0.716715 0.382624 0.447147 0.785183 0.699718 0.397362 -0.387385 0.805618
25400 32 0.439868 0.422482 0.457254 0.437664 0.442072 0.706115 0.388677 0.438926 0.792595 0.725705 0.383067 -0.4371 0.772498
25600 34 0.403053 0.412375 0.393731 0.405112 0.400994 0.703717 0.401261 0.418251 0.832747 0.692336 0.401022 -0.404133 0.83834
25800 33 0.423353 0.434646 0.412061 0.422545 0.424161 0.709858 0.376048 0.437931 0.766935 0.699373 0.385823 -0.401012 0.784139
26000 35 0.423455 0.474596 0.372313 0.423617 0.423293 0.732474 0.374597 0.478453 0.761029 0.681171 0.399323 -0.363995 0.819124
26200 32 0.470074 0.463493 0.476655 0.470534 0.469614 0.728635 0.379648 0.456836 0.773014 0.734756 0.37782 -0.486634 0.773416
26400 39 0.4061 0.406991 0.405209 0.405297 0.406903 0.698433 0.391603 0.407059 0.796248 0.698346 0.394444 -0.39979 0.80756
26600 36 0.438712 0.422767 0.454657 0.436636 0.440788 0.705726 0.384552 0.429588 0.77881 0.723747 0.381064 -0.445057 0.768457
26800 39 0.396389 0.415399 0.377379 0.396653 0.396126 0.702551 0.390912 0.410593 0.805624 0.683278 0.399095 -0.381633 0.817975
27000 40 0.444592 0.413539 0.475645 0.443387 0.445796 0.699604 0.393724 0.417424 0.840639 0.731862 0.377537 -0.499304 0.796857
27200 39 0.430938 0.412983 0.448892 0.43022 0.431655 0.700222 0.390305 0.416626 0.80218 0.718894 0.381298 -0.455417 0.794246
27400 33 0.463248 0.45965 0.466845 0.464458 0.462037 0.72515 0.383657 0.451801 0.801714 0.727537 0.381603 -0.494663 0.813325
27600 33 0.433161 0.419709 0.446613 0.437005 0.429317 0.706715 0.400336 0.4172 0.843712 0.716323 0.382271 -0.464678 0.80625
27800 41 0.459686 0.460447 0.458924 0.460599 0.458772 0.725116 0.380777 0.454693 0.793873 0.723441 0.380651 -0.474686 0.800521
28000 33 0.430526 0.414957 0.446094 0.42956 0.431492 0.701685 0.388225 0.410912 0.789366 0.718219 0.384101 -0.455319 0.792666
28200 41 0.409125 0.430401 0.387848 0.410454 0.407795 0.710629 0.391926 0.433425 0.812597 0.688022 0.397689 -0.410604 0.829343
28400 43 0.441112 0.411187 0.471037 0.441817 0.440407 0.700152 0.394285 0.396932 0.825846 0.729372 0.381127 -0.512477 0.820255
28600 37 0.406204 0.412613 0.399795 0.407273 0.405134 0.701402 0.398043 0.422268 0.842954 0.693924 0.395126 -0.416836 0.832914
28800 43 0.441544 0.441457 0.441631 0.441196 0.441893 0.712794 0.382716 0.447921 0.812856 0.71323 0.383315 -0.463683 0.809388
29000 41 0.434669 0.453013 0.416325 0.436242 0.433096 0.721199 0.385145 0.476138 0.803812 0.701282 0.391622 -0.429833 0.834367
29200 32 0.389794 0.374153 0.405435 0.388684 0.390904 0.680418 0.404675 0.389361 0.864428 0.697169 0.400141 -0.423733 0.847591
29400 41 0.436014 0.441317 0.43071 0.433385 0.438643 0.712313 0.379626 0.454971 0.802332 0.709638 0.387813 -0.419525 0.812726
29600 36 0.406223 0.395627 0.416819 0.406019 0.406427 0.691593 0.396155 0.419181 0.826081 0.702393 0.394757 -0.420579 0.837732
29800 37 0.434702 0.429639 0.439765 0.433745 0.435659 0.70784 0.386148 0.425359 0.809415 0.71386 0.38826 -0.469227 0.814879
30000 48 0.439477 0.433559 0.445395 0.438482 0.440472 0.709316 0.385299 0.440711 0.820907 0.716229 0.382049 -0.456392 0.796209
30200 41 0.428315 0.422014 0.434616 0.427858 0.428772 0.703679 0.387033 0.426801 0.805569 0.710437 0.389437 -0.44409 0.830151
30400 38 0.406938 0.444428 0.369449 0.408274 0.405602 0.7177 0.389366 0.463417 0.81878 0.678875 0.408257 -0.384521 0.871225
30600 35 0.446467 0.409577 0.483357 0.44682 0.446114 0.699565 0.39935 0.424448 0.84988 0.736102 0.37796 -0.496523 0.809646
30800 33 0.454559 0.442412 0.466705 0.453863 0.455255 0.71548 0.391227 0.453073 0.847876 0.728323 0.384 -0.491385 0.821019
31000 38 0.402688 0.39206 0.413316 0.402686 0.40269 0.690651 0.401121 0.398635 0.845691 0.70128 0.395155 -0.425736 0.834361
31200 30 0.404968 0.422166 0.387769 0.40559 0.404345 0.705772 0.392096 0.427407 0.815424 0.687951 0.397979 -0.391551 0.829678
31400 32 0.427253 0.429827 0.424679 0.431224 0.423281 0.710732 0.394325 0.436043 0.830256 0.704186 0.389354 -0.455469 0.83753
31600 32 0.461159 0.478795 0.443522 0.461785 0.460533 0.732236 0.371 0.49854 0.776167 0.713974 0.380206 -0.451184 0.795354
31800 34 0.453888 0.445202 0.462574 0.452563 0.455213 0.716009 0.387977 0.466527 0.838954 0.72602 0.385346 -0.471876 0.827909
32000 28 0.413113 0.408749 0.417478 0.415624 0.410603 0.697835 0.393129 0.41221 0.8324 0.699689 0.386534 -0.438163 0.821378
32200 33 0.444309 0.447241 0.441378 0.446876 0.441743 0.719741 0.391114 0.449788 0.832426 0.714243 0.385665 -0.457667 0.824456
32400 34 0.440803 0.425865 0.455741 0.439289 0.442316 0.70534 0.384378 0.427591 0.803559 0.721792 0.381329 -0.484171 0.793199
32600 37 0.432906 0.428712 0.4371 0.433201 0.432611 0.707999 0.389984 0.441196 0.812217 0.711898 0.385582 -0.441699 0.820346
32800 27 0.43771 0.405149 0.470272 0.436028 0.439392 0.696272 0.394247 0.394908 0.841309 0.730516 0.383822 -0.487755 0.813434
33000 28 0.425263 0.442273 0.408253 0.422847 0.427679 0.713601 0.385435 0.465435 0.828708 0.699007 0.399669 -0.414467 0.845596
33200 29 0.411494 0.429312 0.393676 0.411147 0.411841 0.709052 0.390657 0.440262 0.823982 0.691581 0.40096 -0.400912 0.842181
33400 23 0.426206 0.432824 0.419589 0.425703 0.42671 0.711406 0.385912 0.436774 0.800144 0.705291 0.39566 -0.424611 0.826462
33600 33 0.428097 0.410728 0.445465 0.428438 0.427755 0.700025 0.39517 0.403025 0.831449 0.717052 0.388604 -0.483583 0.820875
33800 39 0.425631 0.443746 0.407516 0.427013 0.42425 0.717367 0.387866 0.453621 0.814027 0.697871 0.395007 -0.425741 0.823766
34000 36 0.426365 0.419755 0.432976 0.424484 0.428246 0.702948 0.39009 0.421929 0.827094 0.71144 0.390144 -0.448498 0.814792
34200 32 0.41431 0.418543 0.410077 0.41539 0.41323 0.704968 0.395373 0.417332 0.826236 0.699655 0.396154 -0.43867 0.827443
34400 32 0.426227 0.398517 0.453937 0.427188 0.425266 0.694163 0.399895 0.403968 0.847633 0.720912 0.383485 -0.468935 0.806433
34600 27 0.459795 0.479111 0.440479 0.461697 0.457893 0.733899 0.375168 0.510491 0.773389 0.712681 0.380465 -0.435243 0.795958
34800 27 0.439958 0.441527 0.43839 0.438451 0.441466 0.714219 0.385264 0.447329 0.81705 0.714158 0.389915 -0.448352 0.822945
35000 30 0.432915 0.450373 0.415457 0.432792 0.433038 0.720181 0.387223 0.463724 0.813931 0.702846 0.391934 -0.412136 0.814502
35200 33 0.422876 0.434386 0.411367 0.424263 0.421489 0.712515 0.394639 0.444547 0.833186 0.699618 0.391059 -0.413158 0.816668
35400 28 0.44282 0.461151 0.42449 0.444232 0.441408 0.726073 0.386706 0.487636 0.825322 0.70633 0.392957 -0.434636 0.840284
35600 27 0.433835 0.442695 0.424975 0.432987 0.434683 0.716403 0.384415 0.450519 0.791465 0.708391 0.394594 -0.427264 0.818618
35800 31 0.424767 0.417361 0.432174 0.423521 0.426014 0.703203 0.392832 0.435078 0.82101 0.711856 0.391834 -0.42673 0.821159
36000 32 0.404845 0.388295 0.421394 0.401628 0.408061 0.686912 0.393588 0.402398 0.812913 0.706677 0.393853 -0.427849 0.819229
36200 30 0.45593 0.467097 0.444763 0.454997 0.456864 0.727787 0.382505 0.486838 0.822762 0.717553 0.39118 -0.471552 0.830594
36400 34 0.433604 0.439463 0.427745 0.433119 0.434089 0.714602 0.388679 0.456038 0.814398 0.709227 0.391809 -0.437825 0.820159
36600 29 0.426201 0.417792 0.434611 0.424538 0.427865 0.704605 0.399584 0.444753 0.854778 0.714678 0.396918 -0.443031 0.835887
36800 32 0.428056 0.436665 0.419447 0.428305 0.427808 0.712508 0.39002 0.461943 0.816693 0.703651 0.391177 -0.411547 0.826057
37000 30 0.437666 0.447608 0.427724 0.436405 0.438927 0.717602 0.383307 0.456552 0.79951 0.708922 0.390657 -0.431535 0.821738
37200 35 0.419723 0.418472 0.420974 0.419043 0.420404 0.703318 0.390909 0.425695 0.820535 0.70525 0.389293 -0.427543 0.797873
37400 36 0.423289 0.433875 0.412703 0.42251 0.424068 0.710583 0.388086 0.441093 0.811255 0.700776 0.397905 -0.420464 0.844675
37600 25 0.432374 0.448758 0.41599 0.433043 0.431705 0.719675 0.387665 0.46119 0.820831 0.702622 0.396646 -0.422666 0.839766
37800 24 0.430103 0.446871 0.413334 0.431956 0.428249 0.718414 0.388234 0.457883 0.815296 0.699792 0.387931 -0.420634 0.806289
38000 27 0.453898 0.455204 0.452593 0.455042 0.452754 0.724207 0.39001 0.461486 0.821111 0.721758 0.388836 -0.48074 0.820544
38200 34 0.431912 0.418524 0.445301 0.434292 0.429532 0.704421 0.396135 0.423873 0.834018 0.715429 0.384028 -0.472123 0.814677
38400 32 0.428531 0.439999 0.417064 0.428644 0.428419 0.714025 0.387933 0.451116 0.819567 0.702446 0.39169 -0.431347 0.827059
38600 30 0.45012 0.426538 0.473701 0.450961 0.449278 0.705758 0.384309 0.435211 0.806843 0.728498 0.368043 -0.471558 0.772531
38800 33 0.423087 0.432787 0.413387 0.422809 0.423365 0.708812 0.385755 0.457595 0.808253 0.69939 0.388952 -0.407351 0.823327
39000 35 0.403864 0.388138 0.41959 0.404462 0.403266 0.687131 0.402623 0.397813 0.864025 0.702259 0.388914 -0.44619 0.828223
39200 33 0.429739 0.422005 0.437474 0.430889 0.42859 0.705982 0.392181 0.419406 0.820848 0.712567 0.388351 -0.453781 0.834575
39400 32 0.421117 0.449363 0.392871 0.422342 0.419891 0.719603 0.387787 0.462594 0.822064 0.690131 0.399895 -0.400599 0.852305
39600 32 0.456642 0.420932 0.492352 0.457329 0.455955 0.705175 0.391746 0.413378 0.823238 0.740197 0.372477 -0.51861 0.785639
39800 32 0.445472 0.450372 0.440572 0.450116 0.440828 0.721781 0.3862 0.44067 0.796001 0.712237 0.382445 -0.470332 0.807814
40000 31 0.420008 0.404281 0.435735 0.42012 0.419896 0.69564 0.397433 0.416862 0.846002 0.711256 0.387265 -0.447338 0.82475
40200 33 0.413558 0.429083 0.398034 0.415817 0.411299 0.708141 0.390931 0.425801 0.832816 0.690357 0.391657 -0.406431 0.828057
40400 37 0.464027 0.456517 0.471537 0.46481 0.463244 0.723759 0.388491 0.473834 0.829574 0.730486 0.383199 -0.50718 0.821939
40600 35 0.428138 0.439438 0.416837 0.425912 0.430363 0.711525 0.381052 0.437532 0.796685 0.70245 0.393032 -0.429 0.828018
40800 31 0.457542 0.449395 0.465689 0.4586 0.456484 0.719359 0.384955 0.463925 0.809058 0.726448 0.377218 -0.466776 0.796095
41000 26 0.423962 0.442103 0.405822 0.424027 0.423897 0.713849 0.384531 0.456402 0.815479 0.695644 0.392662 -0.41844 0.833027
41200 30 0.426851 0.447865 0.405837 0.427561 0.426141 0.718431 0.385112 0.460907 0.80586 0.696707 0.390463 -0.398861 0.811628
41400 26 0.412967 0.437131 0.388803 0.412204 0.41373 0.712446 0.387873 0.455589 0.818711 0.689046 0.402808 -0.395651 0.842503
41600 30 0.429204 0.421515 0.436894 0.427283 0.431126 0.703627 0.389517 0.438363 0.827336 0.713238 0.388424 -0.441976 0.809311
41800 27 0.408821 0.430195 0.387447 0.407867 0.409775 0.707773 0.391678 0.479475 0.845426 0.687353 0.403466 -0.389733 0.857437
42000 27 0.428532 0.451786 0.405278 0.429047 0.428017 0.719955 0.386152 0.455918 0.824305 0.696186 0.399275 -0.444433 0.859957
42200 29 0.419106 0.392284 0.445928 0.41845 0.419762 0.690962 0.4014 0.411182 0.849233 0.71844 0.393684 -0.459188 0.836857
42400 28 0.443662 0.446494 0.440829 0.442813 0.444511 0.717827 0.382269 0.44587 0.799155 0.715843 0.386928 -0.438848 0.794788
42600 23 0.403169 0.393936 0.412402 0.401296 0.405041 0.690441 0.395449 0.421068 0.833154 0.701547 0.394971 -0.417377 0.816562
42800 31 0.417789 0.402886 0.432692 0.418249 0.417328 0.696802 0.400905 0.386444 0.847724 0.711244 0.394976 -0.478096 0.845108
43000 31 0.434847 0.447053 0.42264 0.432635 0.437058 0.716499 0.378403 0.455699 0.788788 0.706504 0.390288 -0.421883 0.799866
43200 21 0.449602 0.463443 0.435761 0.44858 0.450624 0.726664 0.37988 0.460312 0.800589 0.713845 0.393523 -0.463077 0.826136
43400 35 0.43472 0.402931 0.46651 0.43048 0.438961 0.694398 0.391865 0.42825 0.828336 0.730428 0.385948 -0.471819 0.801337
43600 36 0.428715 0.401141 0.45629 0.424822 0.432609 0.693778 0.391871 0.415738 0.819072 0.725247 0.39083 -0.448494 0.80953
43800 31 0.416642 0.418997 0.414287 0.415289 0.417996 0.702893 0.388829 0.440561 0.8145 0.701892 0.39356 -0.403207 0.806122
44000 38 0.445232 0.46327 0.427194 0.441866 0.448597 0.724958 0.380088 0.497723 0.808337 0.710286 0.397678 -0.42773 0.837064
44200 30 0.447738 0.455565 0.439911 0.44698 0.448497 0.720873 0.388662 0.50102 0.857131 0.713804 0.392191 -0.446168 0.832422
44400 30 0.434402 0.422581 0.446223 0.433713 0.43509 0.704934 0.384851 0.42954 0.797955 0.717444 0.385083 -0.458407 0.79512
44600 29 0.416951 0.396376 0.437526 0.414697 0.419204 0.691173 0.395077 0.403446 0.836596 0.714001 0.394549 -0.460506 0.840006
44800 36 0.438276 0.457211 0.419341 0.43632 0.440232 0.721212 0.379006 0.463179 0.801646 0.704233 0.392453 -0.431636 0.817275
45000 32 0.420184 0.411647 0.428721 0.419002 0.421366 0.700848 0.400599 0.428087 0.864426 0.710567 0.398144 -0.450073 0.844417
45200 36 0.427511 0.401046 0.453976 0.427663 0.427359 0.694739 0.394941 0.39965 0.823407 0.721052 0.382107 -0.472271 0.793725
45400 32 0.435314 0.428793 0.441835 0.434559 0.436069 0.708398 0.391612 0.455778 0.835976 0.715674 0.387458 -0.446639 0.809502
45600 30 0.449159 0.460779 0.437538 0.446815 0.451502 0.723961 0.381232 0.485251 0.815923 0.714684 0.394338 -0.440581 0.834374
45800 30 0.468244 0.473337 0.463152 0.4668 0.469688 0.729964 0.382284 0.518595 0.830797 0.726316 0.385948 -0.462137 0.823246
46000 30 0.471221 0.497193 0.445248 0.468362 0.474079 0.743566 0.377638 0.52581 0.826105 0.720452 0.398548 -0.459971 0.845119
46200 36 0.449903 0.439793 0.460012 0.448633 0.451173 0.714374 0.388853 0.458222 0.827553 0.725754 0.387157 -0.475407 0.815205
46400 33 0.475277 0.485215 0.465339 0.475803 0.47475 0.737392 0.379724 0.502727 0.816886 0.726928 0.382853 -0.47763 0.82048
46600 31 0.435469 0.436731 0.434208 0.432534 0.438405 0.711653 0.38952 0.473332 0.835245 0.713326 0.398302 -0.432546 0.856033
46800 27 0.430671 0.432434 0.428908 0.431537 0.429805 0.709632 0.386398 0.447721 0.808243 0.707003 0.387776 -0.450848 0.82559
47000 26 0.424536 0.426358 0.422714 0.425713 0.423359 0.707784 0.389916 0.431201 0.805897 0.704785 0.389044 -0.4402 0.818558
47200 28 0.432303 0.434092 0.430513 0.431707 0.432899 0.709239 0.384241 0.441639 0.808958 0.708045 0.386289 -0.451414 0.823613
47400 38 0.430233 0.419751 0.440715 0.431301 0.429166 0.704943 0.393998 0.442424 0.820466 0.714358 0.388536 -0.45233 0.824609
47600 32 0.425256 0.406658 0.443855 0.423578 0.426935 0.695657 0.39597 0.429678 0.860272 0.715934 0.390326 -0.460299 0.8459
47800 31 0.420355 0.436847 0.403863 0.420689 0.420021 0.710595 0.386161 0.471566 0.827438 0.693768 0.391101 -0.40083 0.827202
48000 31 0.409617 0.403372 0.415862 0.408595 0.410639 0.694385 0.390683 0.404087 0.820112 0.701652 0.394075 -0.433243 0.825465
48200 33 0.408103 0.427499 0.388706 0.407874 0.408332 0.706475 0.390387 0.451483 0.839267 0.687307 0.403028 -0.417562 0.864345
48400 30 0.454827 0.439695 0.469958 0.453261 0.456392 0.712441 0.386053 0.465135 0.831853 0.729138 0.37931 -0.482745 0.801739
48600 31 0.420208 0.442365 0.398052 0.419847 0.420569 0.714995 0.388184 0.462072 0.827202 0.693199 0.398964 -0.405222 0.844941
48800 30 0.411021 0.432419 0.389623 0.408337 0.413705 0.708798 0.390856 0.486315 0.849656 0.690084 0.408357 -0.381948 0.874831
49000 33 0.41238 0.418614 0.406147 0.412642 0.412119 0.702925 0.394148 0.430125 0.843102 0.696429 0.397131 -0.431245 0.842453
49200 35 0.466853 0.486634 0.447071 0.466316 0.467389 0.737057 0.373262 0.502482 0.789045 0.717812 0.384605 -0.444818 0.802815
49400 27 0.446776 0.426385 0.467167 0.44378 0.449772 0.705505 0.386524 0.438556 0.822961 0.728892 0.386025 -0.488794 0.826435
49600 35 0.43013 0.423913 0.436347 0.427711 0.43255 0.703456 0.392158 0.464703 0.85339 0.712092 0.389961 -0.427772 0.833
49800 26 0.450915 0.461792 0.440038 0.45216 0.44967 0.723879 0.38806 0.504024 0.850426 0.711756 0.387292 -0.45909 0.849836
50000 24 0.38864 0.372573 0.404706 0.386284 0.390996 0.677933 0.399672 0.38548 0.861968 0.696355 0.398321 -0.406879 0.844995
