"3384725" 40005340 1242 1260944 1262185 7 0 0 0.123312273687755 0.0000992852445151005 0 0 1 0 0 0.0000513659529672652
"3384725" 44133306 3057 1589626 1592682 6 0 0 0.0513417977346525 0.0000167948307931477 0 0 0 0 0 0.0000513659529672652
"3384725" 47072156 14458 1100137 1114594 41 0 0 0.749618892700466 0.0000518480351847051 0 0 1 0 0 0.0000513659529672652
"3384725" 48576310 9564 1281435 1290998 26 0 0 0.248307656869442 0.000025962741203413 0 0 0 0 0 0.0000513659529672652
"3384725" 49839086 19161 652956 672116 59 0 0 0.723235408848597 0.0000377451807759823 0 0 0 0 0 0.0000513659529672652
"3384725" 50458367 20656 636743 657398 80 0 0 1.28430923279617 0.0000621760860184049 0 0 1 0 0 0.0000513659529672652
"3384725" 50693818 27523 1031352 1058874 97 0 0 1.74417420818969 0.0000633715150306903 0 0 1 0 0 0.0000513659529672652
"3384725" 51102969 30495 450269 480763 116 0 0 1.67758992735544 0.0000550119667930952 0 0 1 0 0 0.0000513659529672652
"3384725" 51399868 18736 1959242 1977977 71 0 0 1.08632496030879 0.0000579806234152853 0 0 1 0 0 0.0000513659529672652
"3384725" 51487315 2639 469272 471910 11 0 0 0.145325455328491 0.0000550683801926834 0 0 1 0 0 0.0000513659529672652
"3384725" 51491569 43174 650490 693663 129 0 0 1.83578088162134 0.0000425205188683315 0 0 0 0 0 0.0000513659529672652
"3384725" 51575794 30760 257077 287836 99 0 0 0.980306266282972 0.0000318695145085492 0 0 0 0 0 0.0000513659529672652
"3384725" 51812406 100 1274307 1274406 1 0 0 0.00134442793223016 0.0000134442793223016 0 0 0 0 0 0.0000513659529672652
"3384725" 51946689 35574 1515326 1550899 111 0 0 1.60452161019405 0.0000451037727046171 0 0 0 0 0 0.0000513659529672652
"3384725" 52021572 8038 645498 653535 29 0 0 0.576004131794424 0.0000716601308527524 0 0 1 0 0 0.0000513659529672652
"3384723" 20939124 41433 1100785 1142217 201 0.00289624212584172 0 1.82759361738752 0.0000441096135299765 0 0 0 0.00334166515743617 0 0.0000514337003994675
"3384723" 21731351 9193 1475941 1485133 64 0.00435113673447188 0 0.609219215164767 0.0000662699026612386 1 0 1 0.00334166515743617 0 0.0000514337003994675
"3384723" 28453801 45962 1839973 1885934 212 0.00282842348026631 0 2.01277486725416 0.0000437921515002429 0 0 0 0.00334166515743617 0 0.0000514337003994675
"3384723" 39787726 18647 116395 135041 110 0.00364669920094385 0 1.27640942060818 0.0000684511943266036 1 0 1 0.00334166515743617 0 0.0000514337003994675
"3384723" 43409873 18681 2034822 2053502 82 0.00214121299716289 0 0 0 0 0 0 0.00334166515743617 0 0.0000514337003994675
"3384723" 46265336 22907 1433612 1456518 143 0.00344872746322085 0 0.728665725564216 0.0000318097404969754 1 0 0 0.00334166515743617 0 0.0000514337003994675
"3384723" 46742424 20456 1367423 1387878 101 0.0030308955807587 0 0.856470273775499 0.0000418689027070541 0 0 0 0.00334166515743617 0 0.0000514337003994675
"3384723" 46922077 30124 933079 963202 142 0.00268888593812243 0 1.48644114903651 0.0000493440827591458 0 0 0 0.00334166515743617 0 0.0000514337003994675
"3384723" 47488158 9559 1285092 1294650 58 0.00387069777173344 0 0.575634390531492 0.0000602191014260374 1 0 1 0.00334166515743617 0 0.0000514337003994675
"3384723" 48212375 49339 1119398 1168736 234 0.00291858367619936 0 2.06813358409172 0.0000419168119356233 0 0 0 0.00334166515743617 0 0.0000514337003994675
"3384723" 49020557 37179 155085 192263 184 0.00293176255413002 0 1.73968862231538 0.0000467922381536724 0 0 0 0.00334166515743617 0 0.0000514337003994675
"3384723" 50599587 3747 591318 595064 20 0.00400320256204964 0 0.318721115173293 0.0000850603456560695 1 0 1 0.00334166515743617 0 0.0000514337003994675
"3384723" 51514576 15665 414345 430009 79 0.0026172997127354 0 0.981997133503114 0.0000626873369615777 0 0 1 0.00334166515743617 0 0.0000514337003994675
"3384723" 51695722 15086 856014 871099 67 0.00258517831101684 0 0.838799658899248 0.0000556011970634527 0 0 1 0.00334166515743617 0 0.0000514337003994675
"3384723" 51745900 1035 7069 8103 5 0.00483091787439614 0 0.0386107705013097 0.0000373050922717968 1 0 0 0.00334166515743617 0 0.0000514337003994675
"3384723" 51761545 6087 909112 915198 23 0.00147856086742238 0 0.195811296708822 0.0000321687689680996 0 0 0 0.00334166515743617 0 0.0000514337003994675
"3384723" 51897621 22306 1958756 1981061 109 0.00295884515377029 0 0.845262340611998 0.0000378939451543082 0 0 0 0.00334166515743617 0 0.0000514337003994675
"3384723" 51913256 44335 1744160 1788494 251 0.00340588699672945 0 2.42482902794664 0.0000546933354673879 1 0 1 0.00334166515743617 0 0.0000514337003994675
"3384723" 52011423 22616 876615 899230 99 0.00229925716307039 0 0.859998512892334 0.0000380261104037997 0 0 0 0.00334166515743617 0 0.0000514337003994675
"3384723" 52029926 26137 231862 257998 147 0.00382599380189004 0 1.7438349106031 0.0000667190155948693 1 0 1 0.00334166515743617 0 0.0000514337003994675
"3384723" 52045481 10029 602864 612892 43 0.00269219264134011 0 0.690401050961764 0.0000688404677397312 0 0 1 0.00334166515743617 0 0.0000514337003994675
