id subpop phenotype fitness
0 1 -0.444962 0.156308
1 1 0.630556 0.885747
2 1 -1.23221 0.011925
3 1 1.14322 0.981933
4 1 1.19844 0.965603
5 1 0.928522 0.995469
6 1 1.10329 0.990562
7 1 1.02052 0.999626
8 1 1.38811 0.874685
9 1 0.768773 0.953586
10 1 0.924213 0.994908
11 1 0.861416 0.983073
12 1 -1.02965 0.0256877
13 1 1.0565 0.997167
14 1 0.585306 0.858247
15 1 1.4231 0.852894
16 1 -0.968604 0.0319111
17 1 1.2272 0.955152
18 1 -0.875212 0.0439059
19 1 1.16102 0.977216
20 1 0.182651 0.552208
21 1 1.17493 0.973166
22 1 -0.683308 0.0805651
23 1 0.855262 0.981551
24 1 0.782249 0.958729
25 1 0.783773 0.959293
26 1 -0.960146 0.0328677
27 1 1.2639 0.939974
28 1 -1.44895 0.00483921
29 1 1.0954 0.991943
30 1 1.04708 0.998031
31 1 -0.64018 0.0915124
32 1 -0.873376 0.0441753
33 1 1.26496 0.939503
34 1 -0.460725 0.150072
35 1 -0.97526 0.0311751
36 1 1.16908 0.974909
37 1 0.945322 0.997346
38 1 1.19961 0.965203
39 1 0.668378 0.906872
40 1 0.826522 0.973604
41 1 -1.04606 0.0242045
42 1 -1.37422 0.00666681
43 1 1.41951 0.85519
44 1 0.836167 0.976423
45 1 1.27815 0.933541
46 1 1.06739 0.995971
47 1 0.190551 0.558552
48 1 1.0442 0.998265
49 1 0.338468 0.677734
50 1 0.763147 0.951357
51 1 1.38025 0.879391
52 1 -0.794832 0.0570695
53 1 -0.746471 0.0664533
54 1 -1.1487 0.0165079
55 1 1.30932 0.918467
56 1 -0.516238 0.12957
57 1 -1.00951 0.0276138
58 1 0.718929 0.932186
59 1 1.21822 0.958553
60 1 -1.12622 0.0179802
61 1 0.792507 0.962453
62 1 -0.963113 0.0325294
63 1 -1.19072 0.0140379
64 1 0.371658 0.704022
65 1 1.12553 0.98609
66 1 0.900408 0.991222
67 1 -0.740554 0.0676833
68 1 0.908207 0.992538
69 1 0.819946 0.971594
70 1 -1.08384 0.0210699
71 1 -1.11832 0.0185237
72 1 -1.24474 0.0113451
73 1 1.1497 0.980277
74 1 1.06351 0.996421
75 1 0.395251 0.722465
76 1 1.04725 0.998018
77 1 0.929356 0.995574
78 1 0.870518 0.985208
79 1 1.31903 0.913502
80 1 0.620315 0.879728
81 1 0.659703 0.902186
82 1 0.267587 0.620751
83 1 -1.05726 0.0232358
84 1 0.966751 0.999018
85 1 -0.970215 0.0317316
86 1 1.20999 0.961562
87 1 0.773282 0.955338
88 1 1.07489 0.995027
89 1 1.00405 0.999985
90 1 0.851563 0.980605
91 1 1.13808 0.983195
92 1 -0.678741 0.0816723
93 1 0.611349 0.874357
94 1 1.2124 0.960693
95 1 0.949477 0.997734
96 1 0.79604 0.963698
97 1 -0.203914 0.275722
98 1 -1.24128 0.0115026
99 1 0.421616 0.742778
100 1 -0.560879 0.114677
101 1 -1.2538 0.0109415
102 1 0.795832 0.963625
103 1 1.27923 0.93304
104 1 1.14202 0.982232
105 1 1.21177 0.960919
106 1 -0.886794 0.0422379
107 1 0.484582 0.789671
108 1 0.944318 0.997248
109 1 1.00794 0.999944
110 1 -0.708245 0.0747304
111 1 -1.15259 0.0162643
112 1 0.711106 0.928498
113 1 0.48487 0.789879
114 1 -1.31555 0.00851437
115 1 0.775375 0.956141
116 1 0.665803 0.905491
117 1 -0.742694 0.0672365
118 1 0.280172 0.630918
119 1 1.25316 0.944622
120 1 0.854455 0.981346
121 1 0.747881 0.945065
122 1 -0.686745 0.07974
123 1 -1.20605 0.0132215
124 1 -1.10748 0.0192936
125 1 1.20569 0.96309
126 1 -1.11761 0.0185733
127 1 1.18773 0.969159
128 1 1.20225 0.964293
129 1 -1.01049 0.0275169
130 1 -0.465631 0.148169
131 1 -1.20187 0.0134396
132 1 0.0954686 0.483227
133 1 0.769261 0.953777
134 1 0.796707 0.963931
135 1 0.840397 0.977612
136 1 0.880388 0.987363
137 1 1.19482 0.966825
138 1 1.13852 0.983088
139 1 1.18596 0.96973
140 1 1.20888 0.961959
141 1 1.30895 0.918654
142 1 0.897009 0.990616
143 1 0.377833 0.708871
144 1 0.515878 0.811937
145 1 -1.40264 0.00590899
146 1 1.22797 0.954856
147 1 -1.24593 0.0112914
148 1 0.325212 0.667146
149 1 0.911243 0.993022
150 1 -1.12061 0.0183649
151 1 -0.704674 0.0755445
152 1 0.203311 0.568821
153 1 1.05892 0.996919
154 1 1.19259 0.967568
155 1 0.311919 0.656489
156 1 -0.654802 0.0876761
157 1 0.704963 0.925543
158 1 0.721348 0.933309
159 1 -1.08382 0.0210719
160 1 1.32127 0.912335
161 1 0.870499 0.985203
162 1 0.408538 0.732745
163 1 1.07286 0.995293
164 1 1.03463 0.998934
165 1 0.16297 0.536455
166 1 1.10879 0.989536
167 1 -0.803791 0.0554571
168 1 1.32205 0.911931
169 1 0.840586 0.977664
170 1 1.08449 0.993674
171 1 -1.07749 0.0215706
172 1 0.886983 0.988711
173 1 -0.965848 0.0322202
174 1 -0.729394 0.0700538
175 1 0.660118 0.902412
176 1 0.695758 0.921016
177 1 0.50867 0.806878
178 1 -0.849536 0.0478016
179 1 -0.131226 0.320624
180 1 0.915928 0.993737
181 1 1.05843 0.99697
182 1 1.32892 0.908314
183 1 0.489884 0.793498
184 1 0.933874 0.996121
185 1 0.908855 0.992643
186 1 0.767075 0.952919
187 1 1.1251 0.986186
188 1 -1.00421 0.028141
189 1 0.927997 0.995402
190 1 0.927847 0.995383
191 1 0.987792 0.999868
192 1 1.09605 0.991833
193 1 0.708689 0.927342
194 1 0.978309 0.999582
195 1 -1.43411 0.0051612
196 1 1.07114 0.995512
197 1 -0.62204 0.0964549
198 1 0.979213 0.999616
199 1 0.741507 0.942335
200 1 1.16914 0.974891
201 1 0.970119 0.999207
202 1 0.730326 0.937402
203 1 0.849595 0.980093
204 1 1.12913 0.985288
205 1 0.920428 0.994388
206 1 0.972678 0.999337
207 1 0.167359 0.539961
208 1 0.83481 0.976036
209 1 1.17114 0.974301
210 1 0.944788 0.997294
211 1 1.32627 0.909715
212 1 0.655666 0.899972
213 1 1.14557 0.981341
214 1 0.712304 0.929069
215 1 -1.03466 0.0252261
216 1 0.713317 0.929549
217 1 1.27511 0.934938
218 1 0.316398 0.660084
219 1 0.49536 0.797426
220 1 1.32667 0.909506
221 1 0.757526 0.949081
222 1 0.889034 0.989114
223 1 0.843142 0.978367
224 1 0.875356 0.986285
225 1 1.1758 0.972903
226 1 1.1639 0.976405
227 1 1.26939 0.937529
228 1 0.712672 0.929243
229 1 1.16351 0.976514
230 1 -0.992322 0.0293545
231 1 -1.2506 0.0110823
232 1 -1.12178 0.0182841
233 1 0.563389 0.84413
234 1 1.06214 0.996574
235 1 -0.929849 0.0364978
236 1 -1.09897 0.0199178
237 1 -0.883865 0.0426546
238 1 1.36285 0.889558
239 1 0.982739 0.999735
240 1 0.933447 0.996071
241 1 -0.968904 0.0318776
242 1 -0.675604 0.0824397
243 1 0.938435 0.996637
244 1 0.541381 0.829476
245 1 0.554355 0.838171
246 1 -0.809614 0.0544296
247 1 0.524656 0.818038
248 1 0.518025 0.813436
249 1 0.843708 0.978521
250 1 -1.17886 0.0146996
251 1 -1.05265 0.0236309
252 1 1.05517 0.997298
253 1 1.10799 0.989687
254 1 0.862914 0.983434
255 1 0.970918 0.999249
256 1 0.817276 0.970758
257 1 0.579575 0.854604
258 1 1.43171 0.847331
259 1 1.37211 0.88419
260 1 0.853788 0.981177
261 1 -0.942912 0.0348929
262 1 -0.975877 0.0311077
263 1 0.138165 0.516732
264 1 -0.792485 0.0574982
265 1 1.40719 0.862967
266 1 -0.209115 0.272663
267 1 0.635216 0.888445
268 1 -0.659341 0.0865115
269 1 0.513297 0.81013
270 1 1.05238 0.997564
271 1 0.976741 0.999519
272 1 0.929385 0.995577
273 1 1.32742 0.909108
274 1 1.00934 0.999922
275 1 0.548228 0.834085
276 1 0.922723 0.994706
277 1 0.63383 0.887645
278 1 1.24785 0.94686
279 1 0.947869 0.997587
280 1 0.559097 0.84131
281 1 1.34382 0.900255
282 1 1.38219 0.878237
283 1 0.735482 0.9397
284 1 0.675561 0.910679
285 1 0.568082 0.847195
286 1 1.11611 0.988088
287 1 1.29812 0.92404
288 1 1.04363 0.998309
289 1 1.12222 0.986809
290 1 0.787189 0.960543
291 1 1.1481 0.980693
292 1 0.997924 0.999996
293 1 0.877715 0.986796
294 1 -1.29036 0.00943907
295 1 -1.21731 0.0126489
296 1 1.2094 0.961772
297 1 -1.36606 0.0069001
298 1 1.1735 0.973598
299 1 1.06526 0.996221
300 1 0.770028 0.954077
301 1 -0.61362 0.0988195
302 1 0.95747 0.998393
303 1 1.04333 0.998332
304 1 0.917643 0.993989
305 1 1.26294 0.940397
306 1 0.607624 0.872099
307 1 0.73567 0.939782
308 1 -0.829313 0.0510695
309 1 0.593373 0.863316
310 1 0.709083 0.927531
311 1 1.3127 0.916752
312 1 0.860219 0.982782
313 1 1.04481 0.998217
314 1 -0.901881 0.0401455
315 1 1.04052 0.998541
316 1 1.13121 0.984814
317 1 1.05348 0.997461
318 1 -0.653761 0.0879448
319 1 0.876943 0.98663
320 1 -0.49509 0.137116
321 1 0.996013 0.999986
322 1 -0.958239 0.0330867
323 1 -1.09182 0.0204548
324 1 1.38378 0.877287
325 1 1.01711 0.99974
326 1 0.448826 0.76335
327 1 1.16202 0.976935
328 1 -0.266423 0.240358
329 1 1.14103 0.982475
330 1 0.0242011 0.428963
331 1 1.08191 0.994054
332 1 1.1196 0.987366
333 1 0.0509463 0.449048
334 1 -0.575138 0.110208
335 1 0.578887 0.854164
336 1 1.27824 0.933501
337 1 1.45076 0.83476
338 1 0.772504 0.955038
339 1 0.20278 0.568393
340 1 1.19879 0.965483
341 1 -0.943352 0.0348398
342 1 1.02505 0.999443
343 1 0.798968 0.964714
344 1 1.24616 0.947564
345 1 -0.983259 0.0303099
346 1 1.08756 0.993209
347 1 1.09498 0.992013
348 1 -1.03896 0.0248368
349 1 -0.752846 0.0651487
350 1 -0.866931 0.0451321
351 1 1.06619 0.996114
352 1 -1.12084 0.0183489
353 1 0.532375 0.823348
354 1 0.969674 0.999183
355 1 -0.647006 0.0897052
356 1 -0.136661 0.31713
357 1 1.24635 0.947482
358 1 1.42756 0.850019
359 1 0.899178 0.991005
360 1 1.27458 0.93518
361 1 1.33587 0.90459
362 1 0.913335 0.993346
363 1 0.662897 0.903922
364 1 1.07822 0.994576
365 1 -1.02645 0.0259857
366 1 0.507176 0.805824
367 1 -0.989986 0.0295983
368 1 1.14874 0.980526
369 1 -0.880705 0.043108
370 1 1.08754 0.993211
371 1 -0.89903 0.040534
372 1 0.903351 0.991731
373 1 1.0551 0.997305
374 1 -0.744206 0.066922
375 1 1.13911 0.982945
376 1 0.537484 0.826834
377 1 1.20665 0.962754
378 1 0.112439 0.496468
379 1 -0.878281 0.0434586
380 1 0.986312 0.999833
381 1 0.424815 0.745219
382 1 -1.25665 0.0108172
383 1 0.824656 0.973041
384 1 0.889649 0.989234
385 1 1.10562 0.990132
386 1 -0.996958 0.0288759
387 1 1.36032 0.891005
388 1 -0.573886 0.110595
389 1 1.17758 0.972357
390 1 0.752656 0.947071
391 1 -0.522065 0.127547
392 1 1.13457 0.984031
393 1 0.384558 0.714135
394 1 0.609387 0.87317
395 1 0.786383 0.96025
396 1 1.31555 0.915298
397 1 0.356848 0.692336
398 1 -1.01276 0.0272945
399 1 0.660148 0.902428
400 1 0.440895 0.757399
401 1 0.65796 0.901232
402 1 0.985647 0.999817
403 1 0.954036 0.998124
404 1 0.546302 0.832793
405 1 1.36718 0.887062
406 1 0.98912 0.999895
407 1 1.06622 0.99611
408 1 0.874164 0.986023
409 1 -1.21592 0.0127184
410 1 0.723465 0.934284
411 1 -1.37682 0.00659419
412 1 1.0717 0.995441
413 1 0.792522 0.962459
414 1 0.948631 0.997657
415 1 1.149 0.980459
416 1 0.197085 0.563808
417 1 0.626302 0.883262
418 1 -0.842965 0.0488438
419 1 1.2093 0.96181
420 1 -1.24847 0.0111772
421 1 0.185242 0.554287
422 1 1.26302 0.940359
423 1 -0.338017 0.203647
424 1 0.533018 0.823788
425 1 -0.913161 0.0386388
426 1 0.697606 0.921934
427 1 0.531157 0.822514
428 1 0.0588895 0.455081
429 1 1.00866 0.999933
430 1 -0.890038 0.0417804
431 1 -0.504504 0.133717
432 1 1.03434 0.998952
433 1 -1.09126 0.0204978
434 1 0.380191 0.710719
435 1 -1.08288 0.0211452
436 1 1.07321 0.995247
437 1 0.840447 0.977626
438 1 1.32305 0.911408
439 1 1.33381 0.905698
440 1 0.995723 0.999984
441 1 0.866388 0.984257
442 1 -1.09939 0.0198866
443 1 1.20784 0.962329
444 1 0.879512 0.987179
445 1 0.923851 0.994859
446 1 1.36287 0.889545
447 1 0.948727 0.997666
448 1 1.26981 0.937341
449 1 0.798355 0.964502
450 1 1.09617 0.991813
451 1 1.13991 0.982751
452 1 -0.970696 0.0316782
453 1 -1.13806 0.0171906
454 1 0.709633 0.927795
455 1 -1.1162 0.0186724
456 1 1.17692 0.972561
457 1 1.20417 0.963626
458 1 1.11719 0.987867
459 1 -0.571293 0.111399
460 1 -0.488265 0.13962
461 1 1.21889 0.958305
462 1 1.21499 0.959748
463 1 0.305266 0.651142
464 1 1.18155 0.971126
465 1 0.971719 0.999289
466 1 1.13265 0.984482
467 1 1.15733 0.978239
468 1 0.383756 0.713508
469 1 -1.27333 0.0101144
470 1 1.22606 0.955593
471 1 -1.10603 0.0193988
472 1 0.642347 0.892523
473 1 1.15851 0.977914
474 1 -1.1061 0.0193937
475 1 0.275134 0.626849
476 1 1.17451 0.973294
477 1 0.61847 0.87863
478 1 0.752999 0.947214
479 1 -1.13924 0.0171142
480 1 -1.04327 0.0244515
481 1 -0.240863 0.254448
482 1 1.01535 0.999791
483 1 0.976789 0.999521
484 1 -1.04407 0.0243804
485 1 0.698526 0.922389
486 1 0.825673 0.973348
487 1 -0.812652 0.0538998
488 1 0.556452 0.839562
489 1 1.19089 0.96813
490 1 -0.988979 0.0297039
491 1 0.910875 0.992964
492 1 0.96945 0.999171
493 1 -1.30316 0.00895865
494 1 -1.2056 0.0132448
495 1 0.308613 0.653833
496 1 0.808909 0.968063
497 1 0.995839 0.999985
498 1 0.854713 0.981412
499 1 0.865357 0.984015
500 1 0.766297 0.952611
501 1 0.765986 0.952488
502 1 0.525411 0.81856
503 1 0.560687 0.842357
504 1 0.945748 0.997387
505 1 0.960799 0.998635
506 1 0.482399 0.78809
507 1 -1.06868 0.0222828
508 1 0.996654 0.99999
509 1 0.629189 0.884951
510 1 0.695866 0.92107
511 1 0.8764 0.986512
512 1 -0.378051 0.184885
513 1 0.892719 0.989822
514 1 1.05612 0.997205
515 1 0.586181 0.8588
516 1 -1.05125 0.0237511
517 1 -0.957298 0.0331953
518 1 0.689532 0.917887
519 1 1.17046 0.974503
520 1 -1.11338 0.0188715
521 1 1.17528 0.973061
522 1 0.743982 0.943402
523 1 0.516817 0.812593
524 1 0.373671 0.705605
525 1 1.1051 0.990229
526 1 -1.12925 0.0177748
527 1 0.919106 0.9942
528 1 -0.901425 0.0402074
529 1 -0.902158 0.0401079
530 1 1.3862 0.875835
531 1 -1.02899 0.0257486
532 1 0.885549 0.988424
533 1 1.18796 0.969083
534 1 -1.08049 0.0213333
535 1 -1.15086 0.0163721
536 1 0.732009 0.938156
537 1 -0.826913 0.0514696
538 1 1.17446 0.973309
539 1 1.23252 0.953077
540 1 0.727689 0.936211
541 1 0.672254 0.908935
542 1 -1.28525 0.00963728
543 1 1.03308 0.999028
544 1 0.57289 0.85031
545 1 -0.921094 0.0376081
546 1 -0.931861 0.0362466
547 1 -0.927843 0.0367497
548 1 1.1059 0.990081
549 1 0.866092 0.984187
550 1 0.817368 0.970787
551 1 1.07626 0.994844
552 1 0.910764 0.992947
553 1 1.23278 0.952976
554 1 0.504123 0.803665
555 1 -0.415041 0.168662
556 1 0.706872 0.926467
557 1 0.808779 0.96802
558 1 0.590791 0.861702
559 1 0.523984 0.817574
560 1 -0.262882 0.24228
561 1 0.816914 0.970644
562 1 0.333584 0.673839
563 1 1.03739 0.998758
564 1 -0.366962 0.189956
565 1 0.625545 0.882817
566 1 -0.896872 0.0408303
567 1 0.448437 0.763059
568 1 0.823041 0.972549
569 1 -1.02074 0.026525
570 1 0.982252 0.99972
571 1 1.08196 0.994047
572 1 -0.159148 0.302906
573 1 -0.733811 0.0691076
574 1 0.555776 0.839114
575 1 1.33433 0.905421
576 1 0.406335 0.731046
577 1 0.000159975 0.411229
578 1 1.206 0.96298
579 1 0.893923 0.990048
580 1 -0.811734 0.0540595
581 1 0.961613 0.998691
582 1 1.13309 0.984378
583 1 0.344664 0.682668
584 1 0.506583 0.805406
585 1 0.939375 0.996738
586 1 0.0095501 0.418118
587 1 -0.385544 0.181513
588 1 -0.361913 0.192296
589 1 0.938348 0.996627
590 1 -0.854725 0.0469918
591 1 -0.997538 0.0288165
592 1 0.723542 0.93432
593 1 0.281158 0.631713
594 1 -0.923763 0.0372666
595 1 0.915817 0.99372
596 1 0.999918 1
597 1 1.08504 0.993593
598 1 0.443256 0.759174
599 1 -1.1256 0.0180223
600 1 0.499324 0.800256
601 1 0.808771 0.968017
602 1 1.32523 0.910264
603 1 0.754287 0.947748
604 1 0.852232 0.980778
605 1 -1.13488 0.0173994
606 1 1.27026 0.937137
607 1 1.04652 0.998078
608 1 0.664367 0.904717
609 1 -0.697531 0.0771941
610 1 0.35903 0.694063
611 1 1.31797 0.914047
612 1 1.18418 0.970296
613 1 -0.0640739 0.365515
614 1 0.397143 0.723935
615 1 -1.08314 0.0211248
616 1 1.17322 0.97368
617 1 -0.977297 0.0309528
618 1 -0.751148 0.0654941
619 1 0.997711 0.999995
620 1 -1.01412 0.0271615
621 1 1.40478 0.864467
622 1 1.21564 0.959507
623 1 1.24993 0.945988
624 1 1.17755 0.972367
625 1 0.995253 0.99998
626 1 0.67075 0.908136
627 1 -1.01737 0.0268479
628 1 1.3064 0.919936
629 1 -1.08279 0.0211522
630 1 1.0431 0.99835
631 1 1.0474 0.998005
632 1 0.850687 0.980378
633 1 0.933014 0.996019
634 1 0.776565 0.956594
635 1 0.554275 0.838118
636 1 1.01093 0.999894
637 1 -0.757403 0.0642289
638 1 -1.2558 0.0108537
639 1 0.943334 0.99715
640 1 -0.952023 0.0338094
641 1 -1.14508 0.0167378
642 1 1.06606 0.996128
643 1 0.339059 0.678205
644 1 -1.23052 0.0120054
645 1 -0.768522 0.0620291
646 1 1.02609 0.999395
647 1 -0.962816 0.0325632
648 1 -1.32838 0.00807489
649 1 -0.917737 0.0380414
650 1 -0.389836 0.179601
651 1 -1.38058 0.00649009
652 1 1.02133 0.999596
653 1 0.308174 0.65348
654 1 0.78251 0.958825
655 1 1.10614 0.990036
656 1 0.931293 0.995813
657 1 -0.852398 0.0473535
658 1 -1.07736 0.0215815
659 1 0.722029 0.933623
660 1 -0.535414 0.123002
661 1 0.49443 0.796761
662 1 1.0562 0.997197
663 1 0.966958 0.99903
664 1 -1.07078 0.0221109
665 1 0.810504 0.968585
666 1 0.757376 0.94902
667 1 1.08363 0.993802
668 1 1.35037 0.896625
669 1 0.992947 0.999956
670 1 0.895137 0.990273
671 1 1.1015 0.990884
672 1 -1.01697 0.0268862
673 1 -1.10972 0.0191325
674 1 1.31849 0.913782
675 1 0.532718 0.823583
676 1 -1.12461 0.01809
677 1 0.29594 0.643635
678 1 0.809393 0.968222
679 1 -0.844539 0.0485923
680 1 1.02988 0.999207
681 1 1.05248 0.997555
682 1 1.2982 0.923998
683 1 0.999061 0.999999
684 1 0.899279 0.991023
685 1 1.00307 0.999992
686 1 0.909256 0.992707
687 1 0.502932 0.802821
688 1 1.16932 0.974837
689 1 1.1719 0.974075
690 1 1.06545 0.996199
691 1 0.607632 0.872104
692 1 0.695959 0.921116
693 1 1.13152 0.984742
694 1 1.22468 0.956119
695 1 -0.593963 0.104516
696 1 -1.27387 0.0100923
697 1 0.97151 0.999279
698 1 0.796764 0.96395
699 1 0.335299 0.675208
700 1 1.04049 0.998544
701 1 0.328008 0.669384
702 1 0.969275 0.999161
703 1 1.1626 0.976774
704 1 -1.00761 0.0278018
705 1 1.3706 0.885073
706 1 1.21553 0.959551
707 1 0.258327 0.613265
708 1 1.07885 0.994488
709 1 1.01967 0.999656
710 1 0.548434 0.834223
711 1 1.28654 0.929618
712 1 0.533648 0.824219
713 1 0.511863 0.809125
714 1 1.087 0.993294
715 1 0.776634 0.95662
716 1 0.775777 0.956294
717 1 0.883965 0.988103
718 1 0.849135 0.979972
719 1 1.1764 0.97272
720 1 -1.07299 0.0219316
721 1 1.13525 0.983871
722 1 -1.24544 0.0113132
723 1 0.852713 0.980902
724 1 -0.708623 0.0746447
725 1 1.24172 0.949389
726 1 0.381342 0.71162
727 1 -1.02613 0.0260156
728 1 1.11642 0.988024
729 1 -1.20938 0.0130497
730 1 1.32722 0.909215
731 1 0.0862238 0.47606
732 1 -1.33877 0.00773444
733 1 0.529561 0.821418
734 1 0.720711 0.933014
735 1 1.3531 0.895095
736 1 0.233876 0.593493
737 1 -1.07871 0.0214738
738 1 0.994576 0.999974
739 1 1.1503 0.980119
740 1 -0.538785 0.121874
741 1 0.149252 0.525528
742 1 1.34789 0.898003
743 1 -0.775731 0.0606363
744 1 -0.937406 0.0355618
745 1 0.737926 0.940775
746 1 0.615938 0.877117
747 1 1.05456 0.997358
748 1 0.0587063 0.454942
749 1 0.711425 0.928651
750 1 0.390317 0.718628
751 1 0.843033 0.978337
752 1 1.14403 0.98173
753 1 0.845986 0.979136
754 1 1.00583 0.99997
755 1 -0.600868 0.102487
756 1 0.172739 0.544264
757 1 1.13747 0.983342
758 1 -0.864441 0.0455063
759 1 0.308401 0.653663
760 1 0.546629 0.833013
761 1 1.11234 0.988845
762 1 -0.500527 0.135145
763 1 0.855394 0.981584
764 1 -0.880604 0.0431226
765 1 0.732354 0.93831
766 1 1.11635 0.988038
767 1 0.889459 0.989197
768 1 -0.862166 0.0458506
769 1 0.727311 0.93604
770 1 -1.08079 0.0213096
771 1 0.891785 0.989645
772 1 1.13605 0.983682
773 1 -0.929362 0.0365588
774 1 -1.04164 0.0245962
775 1 0.90054 0.991245
776 1 1.20388 0.963725
777 1 1.17038 0.974525
778 1 0.714056 0.929899
779 1 0.596478 0.865249
780 1 0.996489 0.999989
781 1 -0.352705 0.196617
782 1 0.276456 0.627917
783 1 0.385427 0.714814
784 1 1.20797 0.962284
785 1 -1.06055 0.0229577
786 1 0.92638 0.995194
787 1 1.0619 0.9966
788 1 0.545676 0.832372
789 1 -1.00597 0.027965
790 1 0.645332 0.894212
791 1 0.912143 0.993162
792 1 -1.04806 0.0240291
793 1 1.12265 0.986717
794 1 0.782619 0.958866
795 1 0.316002 0.659767
796 1 -1.37105 0.00675678
797 1 0.66628 0.905748
798 1 0.763062 0.951323
799 1 0.45202 0.765736
800 1 0.800197 0.965137
801 1 0.94352 0.997168
802 1 1.26992 0.937293
803 1 0.893297 0.989931
804 1 0.903447 0.991748
805 1 0.94185 0.996999
806 1 1.06238 0.996547
807 1 0.651492 0.897661
808 1 0.262875 0.616942
809 1 -0.784804 0.0589199
810 1 0.711885 0.92887
811 1 0.758617 0.949526
812 1 1.41374 0.858851
813 1 1.31485 0.915655
814 1 -0.91261 0.0387113
815 1 0.442293 0.758451
816 1 1.01447 0.999814
817 1 0.402886 0.728382
818 1 -1.22508 0.0122668
819 1 -1.15353 0.0162058
820 1 -1.07881 0.0214662
821 1 0.601943 0.868625
822 1 1.21288 0.96052
823 1 0.76307 0.951326
824 1 1.0126 0.999859
825 1 0.639274 0.890774
826 1 0.95326 0.99806
827 1 0.386873 0.715943
828 1 -0.863523 0.045645
829 1 1.29044 0.927759
830 1 0.557088 0.839982
831 1 -0.98616 0.0300012
832 1 -1.30882 0.00875301
833 1 0.921154 0.994489
834 1 -0.991947 0.0293935
835 1 1.3622 0.889931
836 1 0.897639 0.99073
837 1 1.09623 0.991802
838 1 -0.844545 0.0485915
839 1 0.969813 0.99919
840 1 1.12089 0.987093
841 1 -1.26591 0.0104216
842 1 0.437071 0.754515
843 1 0.888549 0.98902
844 1 -1.1117 0.0189909
845 1 0.87762 0.986775
846 1 -0.514685 0.130113
847 1 -0.882654 0.0428279
848 1 -1.28027 0.00983434
849 1 1.25695 0.943002
850 1 0.897797 0.990758
851 1 0.959611 0.998551
852 1 -1.00356 0.0282055
853 1 1.06927 0.995744
854 1 -0.22409 0.263973
855 1 0.540255 0.828714
856 1 -1.1105 0.0190768
857 1 0.533937 0.824416
858 1 -1.34394 0.00756966
859 1 1.34268 0.900882
860 1 0.800603 0.965276
861 1 0.983888 0.999769
862 1 -0.922762 0.0373944
863 1 0.0367724 0.438359
864 1 1.02805 0.999301
865 1 1.31849 0.91378
866 1 -0.702579 0.0760253
867 1 1.30373 0.92127
868 1 1.15958 0.977619
869 1 -0.874547 0.0440034
870 1 0.71856 0.932014
871 1 0.860804 0.982925
872 1 1.4069 0.863149
873 1 0.940269 0.996834
874 1 1.06887 0.995793
875 1 -0.695176 0.0777443
876 1 1.04494 0.998207
877 1 1.03 0.9992
878 1 0.741418 0.942297
879 1 0.401748 0.727502
880 1 0.315328 0.659226
881 1 -1.00659 0.0279033
882 1 1.21502 0.959737
883 1 1.10016 0.991123
884 1 0.590763 0.861684
885 1 0.951127 0.997879
886 1 -0.940827 0.0351449
887 1 -0.618911 0.0973284
888 1 0.613077 0.8754
889 1 -1.30846 0.00876606
890 1 0.885421 0.988398
891 1 1.1716 0.974164
892 1 0.971434 0.999275
893 1 -0.115285 0.330994
894 1 0.048357 0.447088
895 1 0.758143 0.949333
896 1 1.40092 0.866861
897 1 0.733433 0.938791
898 1 -1.00169 0.0283941
899 1 1.35805 0.892296
900 1 0.913371 0.993352
901 1 0.810875 0.968706
902 1 -1.00125 0.0284388
903 1 1.15596 0.978611
904 1 1.11978 0.987328
905 1 0.862414 0.983314
906 1 -0.894326 0.0411821
907 1 1.01023 0.999907
908 1 0.706824 0.926444
909 1 0.949718 0.997755
910 1 0.63327 0.887322
911 1 -0.679674 0.081445
912 1 0.635769 0.888764
913 1 0.975636 0.999472
914 1 -0.70169 0.0762302
915 1 0.406609 0.731258
916 1 -0.863826 0.0455992
917 1 -0.708118 0.0747594
918 1 1.24772 0.946913
919 1 1.19213 0.96772
920 1 1.22206 0.957114
921 1 0.955445 0.998237
922 1 -0.882903 0.0427923
923 1 0.931471 0.995834
924 1 -0.708001 0.0747858
925 1 0.628293 0.884428
926 1 -0.992388 0.0293477
927 1 0.663295 0.904138
928 1 1.19037 0.968301
929 1 1.17729 0.972449
930 1 0.756716 0.948749
931 1 1.52113 0.785526
932 1 0.855123 0.981516
933 1 -1.13979 0.0170779
934 1 1.33981 0.902453
935 1 0.62517 0.882597
936 1 -0.732124 0.0694677
937 1 0.144535 0.521782
938 1 0.912263 0.993181
939 1 0.850269 0.980269
940 1 -0.342034 0.201707
941 1 -1.1665 0.0154181
942 1 0.723839 0.934456
943 1 0.931698 0.995862
944 1 1.16027 0.977425
945 1 0.85125 0.980524
946 1 0.589067 0.860619
947 1 -1.14391 0.0168121
948 1 -1.31951 0.00837634
949 1 -0.974251 0.0312858
950 1 0.877963 0.986849
951 1 0.695396 0.920835
952 1 0.899527 0.991067
953 1 1.34209 0.901207
954 1 0.643177 0.892994
955 1 -0.826573 0.0515264
956 1 -0.901886 0.0401448
957 1 1.09807 0.991487
958 1 -0.887981 0.04207
959 1 1.0503 0.997754
960 1 0.891111 0.989516
961 1 0.876211 0.986471
962 1 -0.068642 0.362364
963 1 0.802505 0.965924
964 1 0.993309 0.99996
965 1 1.20976 0.961645
966 1 1.28428 0.930682
967 1 -1.05675 0.0232791
968 1 -0.897831 0.0406984
969 1 0.500478 0.801077
970 1 1.15473 0.978943
971 1 0.616904 0.877696
972 1 -0.688448 0.0793335
973 1 -0.0207226 0.396091
974 1 -1.26591 0.0104217
975 1 1.0805 0.994256
976 1 1.31135 0.91744
977 1 0.567778 0.846996
978 1 0.690133 0.918192
979 1 1.05676 0.997141
980 1 0.688971 0.917603
981 1 1.26175 0.940916
982 1 0.694642 0.920459
983 1 0.640996 0.891755
984 1 0.822382 0.972347
985 1 -1.21475 0.0127773
986 1 0.722124 0.933667
987 1 0.702578 0.924381
988 1 -0.952069 0.033804
989 1 1.10502 0.990244
990 1 0.743783 0.943317
991 1 -1.09807 0.0199843
992 1 -0.741758 0.0674317
993 1 -1.24068 0.0115303
994 1 -0.764859 0.0627468
995 1 0.837976 0.976935
996 1 0.97814 0.999575
997 1 0.937456 0.996529
998 1 0.949753 0.997758
999 1 0.97971 0.999634
0 2 -0.864235 0.983749
1 2 1.2756 0.0100221
2 2 1.01193 0.0273761
3 2 0.828687 0.0511736
4 2 -1.07629 0.99484
5 2 0.766183 0.0624867
6 2 0.766118 0.0624994
7 2 -0.901952 0.991491
8 2 1.05214 0.0236744
9 2 -0.466815 0.776702
10 2 -0.513612 0.810351
11 2 -0.96245 0.998747
12 2 -1.1507 0.980016
13 2 -1.10484 0.990278
14 2 -1.02499 0.999445
15 2 -0.772087 0.954877
16 2 0.861934 0.0458859
17 2 0.820137 0.0526126
18 2 -1.18101 0.971296
19 2 -1.17189 0.974079
20 2 -1.08991 0.99284
21 2 -1.11502 0.988309
22 2 -0.841585 0.97794
23 2 -0.686226 0.916206
24 2 0.710533 0.0742127
25 2 -0.86349 0.983572
26 2 -0.511993 0.809216
27 2 -0.693815 0.920045
28 2 0.853473 0.0471861
29 2 -0.690425 0.918339
30 2 1.27203 0.0101676
31 2 -0.832657 0.975415
32 2 -0.780458 0.958061
33 2 -0.81222 0.969143
34 2 1.14905 0.0164854
35 2 0.964895 0.0323276
36 2 -0.91253 0.993222
37 2 1.36497 0.00693196
38 2 -0.769198 0.953753
39 2 -0.941396 0.996952
40 2 1.21518 0.0127556
41 2 -1.00784 0.999945
42 2 0.873108 0.0442147
43 2 -0.644256 0.893604
44 2 0.0607771 0.367798
45 2 -1.02785 0.999311
46 2 1.28354 0.00970446
47 2 -0.865893 0.984141
48 2 1.3298 0.00802779
49 2 0.69898 0.0768571
50 2 1.10026 0.0198221
51 2 -0.829276 0.974425
52 2 -1.10257 0.990692
53 2 0.208391 0.273087
54 2 1.33062 0.00800061
55 2 -1.18398 0.970359
56 2 -1.04474 0.998222
57 2 0.585671 0.106994
58 2 -1.16504 0.976079
59 2 -1.3776 0.880962
60 2 -0.523432 0.817192
61 2 -1.02512 0.999439
62 2 -1.04821 0.997936
63 2 1.1096 0.0191412
64 2 -1.06172 0.99662
65 2 -0.735008 0.93949
66 2 -0.904495 0.991925
67 2 -0.665318 0.90523
68 2 1.39299 0.00615725
69 2 -0.747167 0.944762
70 2 -0.928144 0.995421
71 2 -0.984623 0.99979
72 2 1.20473 0.0132901
73 2 0.651673 0.0884861
74 2 -1.05283 0.997522
75 2 0.908984 0.0391911
76 2 -0.745483 0.944045
77 2 -0.563962 0.844506
78 2 -0.41721 0.739408
79 2 -0.787083 0.960504
80 2 -0.822685 0.97244
81 2 -0.930466 0.995711
82 2 1.33689 0.00779493
83 2 -0.792449 0.962433
84 2 -1.02123 0.9996
85 2 -0.550341 0.835498
86 2 -1.21353 0.960283
87 2 -0.801494 0.96558
88 2 -0.242937 0.600819
89 2 1.24009 0.011557
90 2 0.98825 0.0297806
91 2 0.0403164 0.382125
92 2 -0.326834 0.668445
93 2 -1.0759 0.994892
94 2 -0.767317 0.953014
95 2 -1.0066 0.999961
96 2 -0.631077 0.88605
97 2 -0.956686 0.998334
98 2 -1.21261 0.960617
99 2 -1.16083 0.97727
100 2 -0.949194 0.997708
101 2 -0.919925 0.994317
102 2 -1.2649 0.939531
103 2 0.057792 0.369872
104 2 -1.09775 0.991542
105 2 -1.28849 0.928693
106 2 1.06623 0.0224845
107 2 -1.08499 0.993599
108 2 -0.369719 0.702497
109 2 -0.144007 0.521363
110 2 0.783244 0.0592121
111 2 -1.00835 0.999938
112 2 1.01756 0.0268287
113 2 0.88067 0.0431132
114 2 -1.15537 0.978771
115 2 -0.532904 0.82371
116 2 -0.596648 0.865355
117 2 -1.06241 0.996543
118 2 -0.872103 0.985565
119 2 -1.06781 0.99592
120 2 -1.01794 0.999714
121 2 -1.02315 0.999524
122 2 -1.14518 0.98144
123 2 -0.726578 0.935707
124 2 0.205039 0.275058
125 2 -1.22553 0.955796
126 2 -0.916052 0.993755
127 2 -0.980886 0.999675
128 2 -0.38626 0.715464
129 2 -1.10598 0.990066
130 2 -1.2636 0.940105
131 2 -1.19229 0.967668
132 2 -0.691618 0.918941
133 2 -0.568865 0.847703
134 2 -0.621309 0.880317
135 2 -0.983838 0.999768
136 2 1.194 0.0138596
137 2 1.19033 0.0140591
138 2 -1.22482 0.956064
139 2 0.904798 0.0397512
140 2 0.632083 0.0936933
141 2 -0.852676 0.980892
142 2 -1.12067 0.987141
143 2 0.212636 0.270604
144 2 1.2576 0.010776
145 2 -0.982742 0.999735
146 2 -1.11007 0.989289
147 2 -0.939696 0.996773
148 2 1.1479 0.0165586
149 2 0.487717 0.139823
150 2 -0.355318 0.691125
151 2 -0.79293 0.962604
152 2 -0.302314 0.648768
153 2 -1.15308 0.979387
154 2 -0.478387 0.785175
155 2 -0.705713 0.925907
156 2 -0.919216 0.994216
157 2 -1.14214 0.982202
158 2 -1.00653 0.999962
159 2 0.642703 0.0908412
160 2 1.05261 0.0236339
161 2 -0.695114 0.920694
162 2 -1.18816 0.969019
163 2 0.634653 0.0929967
164 2 -1.08719 0.993265
165 2 -1.42548 0.851365
166 2 -1.11665 0.987977
167 2 -1.07041 0.995603
168 2 -0.597999 0.866192
169 2 0.222636 0.264809
170 2 -0.63069 0.885825
171 2 1.1844 0.014387
172 2 -1.22022 0.957806
173 2 -1.00843 0.999937
174 2 0.583578 0.107627
175 2 -0.579877 0.854796
176 2 -0.265762 0.619276
177 2 -1.20363 0.963812
178 2 -0.979063 0.99961
179 2 -1.02607 0.999396
180 2 -0.888034 0.988918
181 2 -0.590783 0.861697
182 2 1.16076 0.0157625
183 2 -1.0977 0.991552
184 2 -0.855189 0.981532
185 2 -1.2025 0.964206
186 2 -0.611956 0.874724
187 2 -1.04964 0.997812
188 2 -0.668998 0.907203
189 2 -1.12034 0.987209
190 2 0.796347 0.0567941
191 2 0.730335 0.0698514
192 2 -1.0157 0.999781
193 2 -1.02796 0.999305
194 2 -1.28801 0.92892
195 2 -0.526361 0.819216
196 2 -0.310739 0.655541
197 2 1.40376 0.00588074
198 2 0.924606 0.0371593
199 2 -0.283033 0.633227
200 2 -1.22733 0.955101
201 2 0.885209 0.042463
202 2 -0.917312 0.993941
203 2 1.39335 0.0061477
204 2 -0.194084 0.561393
205 2 -0.70744 0.926741
206 2 -1.12256 0.986737
207 2 -0.973665 0.999384
208 2 0.510161 0.131705
209 2 -0.977674 0.999557
210 2 0.790321 0.0578957
211 2 -0.979763 0.999636
212 2 -0.801542 0.965596
213 2 -0.822884 0.972501
214 2 -0.868379 0.984719
215 2 -1.09436 0.992117
216 2 -0.657959 0.901232
217 2 -1.01353 0.999837
218 2 -1.06603 0.996132
219 2 -0.843133 0.978364
220 2 -1.3667 0.887342
221 2 -1.20887 0.961963
222 2 1.02695 0.0259382
223 2 0.902025 0.0401259
224 2 -1.01536 0.99979
225 2 -1.2117 0.960945
226 2 -1.10775 0.989734
227 2 -0.0982988 0.485428
228 2 1.28328 0.00971499
229 2 -0.737332 0.940514
230 2 -0.818904 0.971269
231 2 -0.266749 0.620073
232 2 -0.930768 0.995749
233 2 -0.665081 0.905102
234 2 -0.805687 0.966995
235 2 -0.77292 0.955199
236 2 -1.20118 0.964662
237 2 0.98486 0.0301393
238 2 0.0200829 0.396551
239 2 -0.287405 0.636755
240 2 -0.765377 0.952246
241 2 -0.340885 0.67966
242 2 -0.542116 0.829973
243 2 -0.791535 0.962108
244 2 -1.17129 0.974258
245 2 0.756659 0.0643783
246 2 -1.37081 0.884951
247 2 1.03403 0.0252842
248 2 1.1713 0.0151355
249 2 -0.854626 0.98139
250 2 0.623327 0.0960975
251 2 -0.730746 0.93759
252 2 1.11448 0.0187936
253 2 -0.856298 0.981812
254 2 -0.548091 0.833993
255 2 -1.06526 0.996221
256 2 0.181192 0.289329
257 2 1.14565 0.0167011
258 2 -0.893386 0.989947
259 2 1.11683 0.0186282
260 2 -1.16555 0.975934
261 2 0.931378 0.0363067
262 2 0.72281 0.0714835
263 2 1.13389 0.0174651
264 2 -0.88797 0.988906
265 2 1.24379 0.011388
266 2 -1.19972 0.965166
267 2 0.451964 0.153515
268 2 -1.24228 0.94916
269 2 -0.883464 0.988001
270 2 -1.19257 0.967574
271 2 -1.12818 0.985501
272 2 -1.0981 0.991482
273 2 1.39781 0.00603214
274 2 -0.743954 0.94339
275 2 -0.92306 0.994752
276 2 -0.836026 0.976383
277 2 1.09209 0.0204344
278 2 1.13987 0.0170729
279 2 -0.330668 0.671509
280 2 -1.08243 0.993978
281 2 0.515213 0.129928
282 2 -0.712028 0.928938
283 2 -0.610103 0.873603
284 2 0.693269 0.0781921
285 2 -0.878797 0.987027
286 2 -0.839985 0.977497
287 2 0.926128 0.0369662
288 2 -1.21192 0.960865
289 2 -0.882037 0.987707
290 2 0.950114 0.034034
291 2 -1.31995 0.913023
292 2 0.902781 0.0400235
293 2 1.32589 0.00815862
294 2 -0.803744 0.966343
295 2 -0.949376 0.997725
296 2 -0.96694 0.999029
297 2 -0.944068 0.997223
298 2 0.534451 0.123326
299 2 0.142085 0.313665
300 2 -1.19006 0.9684
301 2 -0.485482 0.790322
302 2 0.489688 0.139095
303 2 1.26619 0.01041
304 2 -0.489732 0.793388
305 2 0.630277 0.0941853
306 2 -0.612061 0.874787
307 2 -1.21092 0.961229
308 2 1.34287 0.00760352
309 2 -0.87574 0.986369
310 2 -0.809914 0.968392
311 2 -1.00495 0.999978
312 2 1.19873 0.0136058
313 2 -0.44521 0.760641
314 2 0.793418 0.0573274
315 2 -0.71932 0.932368
316 2 -0.957388 0.998387
317 2 -1.06735 0.995976
318 2 1.0812 0.0212774
319 2 -0.624462 0.88218
320 2 -1.01043 0.999903
321 2 -0.875246 0.986261
322 2 -0.228323 0.589005
323 2 0.0623562 0.366704
324 2 -1.0155 0.999786
325 2 1.13037 0.0177
326 2 -1.3947 0.870683
327 2 -0.972457 0.999326
328 2 0.664009 0.0853268
329 2 -0.91781 0.994013
330 2 0.501153 0.13492
331 2 0.786368 0.0586281
332 2 -0.817494 0.970827
333 2 -0.612656 0.875146
334 2 -1.11534 0.988244
335 2 -0.994238 0.99997
336 2 1.35708 0.00716511
337 2 0.980686 0.0305859
338 2 -1.08939 0.992922
339 2 0.684349 0.0803143
340 2 0.945667 0.0345622
341 2 -0.752654 0.94707
342 2 0.752201 0.0652796
343 2 -1.12995 0.985102
344 2 -0.554589 0.838326
345 2 -0.474073 0.782027
346 2 -0.996334 0.999988
347 2 -0.51612 0.812106
348 2 -1.08437 0.993692
349 2 -0.704922 0.925523
350 2 -1.08161 0.994098
351 2 0.915689 0.0383079
352 2 0.488206 0.139642
353 2 -0.726992 0.935895
354 2 -0.545933 0.832545
355 2 -1.36667 0.887354
356 2 -0.685431 0.915799
357 2 -1.05458 0.997356
358 2 -0.558279 0.840769
359 2 1.20324 0.0133676
360 2 0.941336 0.0350832
361 2 -0.867922 0.984613
362 2 -0.564365 0.844769
363 2 -0.194214 0.561498
364 2 -0.652956 0.898474
365 2 -1.1213 0.987006
366 2 -0.643838 0.893368
367 2 0.677502 0.0819747
368 2 -1.04114 0.998496
369 2 1.00451 0.0281107
370 2 -0.867081 0.984418
371 2 -0.498127 0.799403
372 2 -0.589178 0.860689
373 2 -0.765872 0.952443
374 2 -0.922738 0.994708
375 2 -0.964468 0.998878
376 2 -0.196584 0.563404
377 2 -1.0623 0.996556
378 2 -1.04799 0.997955
379 2 -0.926803 0.995249
380 2 0.645058 0.0902181
381 2 -0.86206 0.983229
382 2 -0.497911 0.799249
383 2 -0.902539 0.991592
384 2 -1.17551 0.97299
385 2 -0.982348 0.999723
386 2 -0.63631 0.889075
387 2 -1.23684 0.951363
388 2 -1.07182 0.995426
389 2 -0.76398 0.95169
390 2 0.961246 0.032742
391 2 -1.1076 0.989761
392 2 -0.965644 0.998951
393 2 -0.317927 0.661311
394 2 -0.625625 0.882864
395 2 -1.07356 0.995202
396 2 -0.885136 0.988341
397 2 0.868672 0.044872
398 2 1.06046 0.0229654
399 2 -0.597355 0.865793
400 2 0.414984 0.168686
401 2 1.1264 0.0179679
402 2 0.866068 0.0452616
403 2 -0.622669 0.881122
404 2 -1.16385 0.97642
405 2 0.885774 0.0423826
406 2 -1.22692 0.95526
407 2 -0.90018 0.991182
408 2 -0.559789 0.841765
409 2 1.19698 0.0136992
410 2 -1.32339 0.911228
411 2 -1.1397 0.982802
412 2 -0.527576 0.820053
413 2 -1.27982 0.932768
414 2 -1.13536 0.983845
415 2 -0.771104 0.954496
416 2 -0.658195 0.901361
417 2 -0.842574 0.978211
418 2 0.781437 0.0595521
419 2 -0.707318 0.926682
420 2 -0.892452 0.989771
421 2 -0.577888 0.853525
422 2 -0.980676 0.999668
423 2 -1.00104 0.999999
424 2 -1.23693 0.951326
425 2 -1.17249 0.9739
426 2 -1.31427 0.91595
427 2 -0.975156 0.999452
428 2 -1.13675 0.983514
429 2 -0.812771 0.969321
430 2 -0.885887 0.988492
431 2 -0.861214 0.983024
432 2 -0.804163 0.966484
433 2 -1.31235 0.916931
434 2 -0.833474 0.975652
435 2 -0.637032 0.88949
436 2 1.29316 0.00933199
437 2 -1.27264 0.936064
438 2 -1.19659 0.966231
439 2 -0.752214 0.946887
440 2 -0.751589 0.946626
441 2 -0.573078 0.850432
442 2 -1.28361 0.931001
443 2 -0.989259 0.999897
444 2 0.900249 0.0403676
445 2 -0.487765 0.791971
446 2 -0.687958 0.917089
447 2 -0.153125 0.528608
448 2 -0.915284 0.993641
449 2 -1.39713 0.869194
450 2 -1.09636 0.99178
451 2 1.16843 0.0153042
452 2 -1.30369 0.921289
453 2 -0.980903 0.999676
454 2 -0.617626 0.878127
455 2 -1.10063 0.991039
456 2 -1.26636 0.938883
457 2 -0.807747 0.967679
458 2 0.988975 0.0297042
459 2 0.607813 0.100476
460 2 -1.14693 0.980993
461 2 -1.05387 0.997423
462 2 -0.658969 0.901784
463 2 -0.668026 0.906684
464 2 -0.234555 0.594042
465 2 1.05811 0.0231634
466 2 -0.805067 0.966787
467 2 1.27001 0.0102509
468 2 -0.653755 0.898916
469 2 0.879392 0.0432976
470 2 1.25151 0.011042
471 2 -0.785021 0.959752
472 2 -0.673287 0.909481
473 2 -1.28276 0.931399
474 2 1.24368 0.0113931
475 2 -1.03706 0.99878
476 2 -0.341571 0.680207
477 2 -1.22765 0.95498
478 2 -0.740629 0.941954
479 2 -0.149386 0.525634
480 2 -0.708515 0.927258
481 2 -1.06972 0.995689
482 2 -0.826814 0.973692
483 2 1.13148 0.0176257
484 2 -1.21634 0.959249
485 2 0.527438 0.125703
486 2 -1.11696 0.987913
487 2 -0.917289 0.993937
488 2 -0.748403 0.945286
489 2 -0.906169 0.992205
490 2 0.154101 0.306066
491 2 0.754075 0.0648996
492 2 -1.27778 0.933712
493 2 -1.0365 0.998817
494 2 -0.481417 0.787377
495 2 -1.31689 0.914607
496 2 -1.22411 0.956338
497 2 -0.710673 0.928292
498 2 0.799534 0.0562186
499 2 -1.24681 0.947292
500 2 -1.17017 0.974588
501 2 -0.604535 0.870214
502 2 -0.933301 0.996053
503 2 -1.09728 0.991624
504 2 -0.0760994 0.468252
505 2 -1.08445 0.993681
506 2 -1.39915 0.867952
507 2 -1.36866 0.886204
508 2 1.32597 0.00815602
509 2 -0.591966 0.862437
510 2 -0.837721 0.976863
511 2 -1.05029 0.997754
512 2 -0.835728 0.976299
513 2 -0.108538 0.493415
514 2 1.19746 0.0136733
515 2 -0.637381 0.88969
516 2 -0.909298 0.992714
517 2 0.991368 0.0294538
518 2 0.5045 0.133719
519 2 -1.05444 0.99737
520 2 -0.950344 0.997811
521 2 -0.925434 0.99507
522 2 -1.22228 0.957032
523 2 0.617637 0.0976858
524 2 -1.09437 0.992115
525 2 -1.17642 0.972713
526 2 -1.18615 0.969668
527 2 1.34508 0.00753366
528 2 0.971642 0.0315733
529 2 -1.1061 0.990043
530 2 -0.9771 0.999534
531 2 -0.644652 0.893828
532 2 -1.02067 0.99962
533 2 0.304778 0.220185
534 2 0.758145 0.0640801
535 2 -0.651208 0.897503
536 2 -0.48087 0.78698
537 2 -0.593304 0.863274
538 2 1.01309 0.0272624
539 2 -1.06322 0.996453
540 2 -1.39508 0.870449
541 2 -0.766948 0.952869
542 2 0.627139 0.0950449
543 2 -1.01613 0.999769
544 2 -0.505788 0.804844
545 2 -0.658491 0.901523
546 2 -1.3716 0.884492
547 2 1.19295 0.0139162
548 2 -0.619508 0.879248
549 2 -0.856959 0.981977
550 2 -0.779773 0.957805
551 2 -1.19227 0.967674
552 2 -1.10225 0.99075
553 2 -0.839826 0.977453
554 2 -0.748524 0.945337
555 2 -1.0863 0.993402
556 2 1.01452 0.0271229
557 2 1.08863 0.0206988
558 2 0.0477198 0.37691
559 2 -0.776491 0.956566
560 2 -1.3245 0.910649
561 2 0.798494 0.0564059
562 2 -0.725436 0.935186
563 2 0.903281 0.0399559
564 2 -0.54738 0.833516
565 2 -0.942106 0.997025
566 2 0.815086 0.0534784
567 2 -1.02378 0.999497
568 2 -0.820857 0.971877
569 2 1.06205 0.0228316
570 2 0.926431 0.0369278
571 2 1.29073 0.00942492
572 2 -0.734023 0.939053
573 2 0.708613 0.074647
574 2 -1.16346 0.976528
575 2 0.794818 0.0570721
576 2 0.875026 0.0439332
577 2 1.00732 0.0278302
578 2 -0.899264 0.99102
579 2 -0.817405 0.970799
580 2 -0.909025 0.99267
581 2 -1.00502 0.999978
582 2 -1.12756 0.98564
583 2 -0.534543 0.82483
584 2 1.0601 0.0229957
585 2 -1.02421 0.999479
586 2 1.31017 0.0087047
587 2 1.11717 0.0186043
588 2 -0.815113 0.970072
589 2 -0.705145 0.925631
590 2 0.926238 0.0369523
591 2 -0.942822 0.997098
592 2 -0.99521 0.99998
593 2 1.16763 0.0153512
594 2 -1.2217 0.957251
595 2 -1.2112 0.961127
596 2 -1.29149 0.927255
597 2 1.40375 0.0058812
598 2 -0.30893 0.654088
599 2 -1.25084 0.945604
600 2 -0.966237 0.998987
601 2 -0.739434 0.941434
602 2 -1.1243 0.98636
603 2 0.463842 0.148861
604 2 -0.688926 0.91758
605 2 -1.20849 0.962097
606 2 1.32422 0.00821523
607 2 0.370456 0.188348
608 2 -0.965071 0.998916
609 2 -0.766202 0.952573
610 2 -0.904661 0.991953
611 2 -0.92379 0.994851
612 2 -1.00786 0.999945
613 2 -0.921582 0.994549
614 2 -0.897829 0.990764
615 2 -1.02365 0.999503
616 2 -0.824977 0.973138
617 2 -1.0269 0.999357
618 2 -0.779827 0.957825
619 2 -1.12566 0.986063
620 2 0.46269 0.149308
621 2 -1.30946 0.918398
622 2 -1.07968 0.994372
623 2 0.884229 0.0426026
624 2 -0.980752 0.999671
625 2 0.77992 0.0598387
626 2 -1.04656 0.998075
627 2 -1.35176 0.895848
628 2 -1.09145 0.992594
629 2 -1.36603 0.887728
630 2 -0.956643 0.99833
631 2 -1.1627 0.976743
632 2 0.952678 0.0337327
633 2 -1.05033 0.997751
634 2 -1.12883 0.985355
635 2 -0.612939 0.875316
636 2 -0.603082 0.869325
637 2 -1.28735 0.929234
638 2 0.824505 0.0518734
639 2 1.37256 0.00671375
640 2 -0.543427 0.830857
641 2 -0.97931 0.99962
642 2 1.22395 0.0123217
643 2 -1.05183 0.997615
644 2 -0.224082 0.585578
645 2 -0.988008 0.999872
646 2 -0.589117 0.860651
647 2 -1.17526 0.973065
648 2 -1.17897 0.971929
649 2 -0.780509 0.958081
650 2 -0.763689 0.951574
651 2 -1.06085 0.996714
652 2 -1.40727 0.862915
653 2 -0.796444 0.963839
654 2 -0.873994 0.985986
655 2 -1.14951 0.980327
656 2 -1.03884 0.99866
657 2 1.09377 0.0203072
658 2 -0.895723 0.990381
659 2 -0.970179 0.99921
660 2 -1.11797 0.987705
661 2 -1.36143 0.890369
662 2 -0.698864 0.922556
663 2 -0.89307 0.989888
664 2 -0.955472 0.998239
665 2 -1.09417 0.992149
666 2 0.765315 0.0626571
667 2 -0.873312 0.985835
668 2 -1.17786 0.972271
669 2 -0.98509 0.999802
670 2 0.995689 0.0290063
671 2 -0.653831 0.898959
672 2 -0.537344 0.826738
673 2 0.468 0.147257
674 2 -0.930598 0.995728
675 2 0.483755 0.141294
676 2 -1.06826 0.995866
677 2 1.08766 0.0207741
678 2 -1.13649 0.983576
679 2 1.16164 0.0157092
680 2 -0.570778 0.848944
681 2 -0.303872 0.650021
682 2 -0.729791 0.937161
683 2 -0.471617 0.780229
684 2 -0.399705 0.725921
685 2 1.31708 0.00846056
686 2 -0.809492 0.968254
687 2 -0.545024 0.831933
688 2 0.964433 0.0323799
689 2 1.14972 0.0164435
690 2 0.797722 0.0565453
691 2 -0.515792 0.811877
692 2 -1.19659 0.966229
693 2 -1.34325 0.900566
694 2 0.836295 0.0499209
695 2 -1.03077 0.999159
696 2 -0.934084 0.996145
697 2 0.777005 0.0603928
698 2 -0.0778808 0.469623
699 2 0.857863 0.0465077
700 2 -0.888123 0.988936
701 2 0.733854 0.0690985
702 2 -0.729235 0.93691
703 2 -1.21409 0.960075
704 2 -1.13546 0.983822
705 2 -0.466101 0.776176
706 2 -1.05347 0.997462
707 2 -0.941125 0.996924
708 2 0.825302 0.0517394
709 2 -1.04956 0.997819
710 2 -0.845115 0.978902
711 2 -1.32122 0.912364
712 2 -1.2815 0.931988
713 2 -0.265224 0.618841
714 2 -0.902888 0.991652
715 2 -1.2024 0.96424
716 2 -1.15032 0.980114
717 2 -0.99299 0.999956
718 2 1.29254 0.00935585
719 2 -1.17751 0.972381
720 2 -0.725607 0.935264
721 2 -0.734774 0.939386
722 2 0.79544 0.0569588
723 2 1.01588 0.0269914
724 2 -1.03612 0.998841
725 2 0.938738 0.035399
726 2 -1.4492 0.835805
727 2 -0.977197 0.999538
728 2 -0.833724 0.975724
729 2 0.821591 0.0523655
730 2 -0.667621 0.906467
731 2 -1.09363 0.992238
732 2 -1.27443 0.935246
733 2 -0.926213 0.995172
734 2 -0.691863 0.919065
735 2 1.14328 0.0168529
736 2 -1.19332 0.967326
737 2 -1.15851 0.977914
738 2 -1.12751 0.985653
739 2 -0.903038 0.991678
740 2 -1.10266 0.990675
741 2 -1.16861 0.975046
742 2 -0.220999 0.583089
743 2 -0.706692 0.92638
744 2 -1.03936 0.998624
745 2 -1.05105 0.997686
746 2 -0.772071 0.954871
747 2 -0.762009 0.9509
748 2 -0.927458 0.995333
749 2 -0.997893 0.999996
750 2 -1.0245 0.999467
751 2 -0.944933 0.997308
752 2 -0.625616 0.882859
753 2 0.516568 0.129454
754 2 0.518249 0.128869
755 2 -0.906447 0.99225
756 2 -0.804866 0.96672
757 2 -1.25736 0.942825
758 2 -0.398064 0.724648
759 2 -0.435573 0.753384
760 2 1.30505 0.00888926
761 2 -1.38735 0.87514
762 2 -0.910481 0.992902
763 2 -1.13901 0.982971
764 2 -0.910222 0.992861
765 2 -1.19213 0.967721
766 2 1.06689 0.0224296
767 2 -0.950193 0.997797
768 2 -1.07112 0.995515
769 2 -0.698401 0.922327
770 2 1.09847 0.019955
771 2 -1.10504 0.99024
772 2 -0.0276013 0.431496
773 2 -1.08718 0.993267
774 2 0.968991 0.0318679
775 2 -0.843074 0.978348
776 2 1.20582 0.0132333
777 2 0.879726 0.0432494
778 2 -0.463684 0.774393
779 2 -0.656974 0.900691
780 2 0.742102 0.0673599
781 2 -1.27354 0.935655
782 2 -0.743726 0.943292
783 2 -0.922936 0.994735
784 2 1.1412 0.016987
785 2 1.2059 0.0132293
786 2 -1.24932 0.946246
787 2 -0.982901 0.99974
788 2 -0.82586 0.973405
789 2 0.97321 0.0314002
790 2 -0.799591 0.964929
791 2 -1.24687 0.947269
792 2 -0.801768 0.965673
793 2 -0.855763 0.981677
794 2 -1.02297 0.999531
795 2 -0.886766 0.988667
796 2 1.13478 0.0174065
797 2 1.05512 0.0234185
798 2 -0.549682 0.835058
799 2 -0.976928 0.999527
800 2 1.07853 0.0214883
801 2 1.09576 0.0201577
802 2 0.839528 0.0493963
803 2 -0.646235 0.89472
804 2 -0.578136 0.853684
805 2 -1.18589 0.96975
806 2 -1.12778 0.98559
807 2 -0.87987 0.987254
808 2 0.833564 0.0503677
809 2 -0.792385 0.96241
810 2 -1.10205 0.990786
811 2 1.23943 0.0115875
812 2 -1.00857 0.999935
813 2 0.898398 0.0406207
814 2 -0.590821 0.86172
815 2 -1.14935 0.980368
816 2 -1.1886 0.968878
817 2 -0.664915 0.905013
818 2 -1.10469 0.990305
819 2 -0.785016 0.95975
820 2 -0.915467 0.993668
821 2 -1.00968 0.999917
822 2 -1.12676 0.98582
823 2 -0.947616 0.997564
824 2 -0.861593 0.983116
825 2 0.404215 0.173301
826 2 -0.992762 0.999953
827 2 -1.25925 0.942005
828 2 -0.817599 0.97086
829 2 -0.804893 0.966729
830 2 -0.670987 0.908263
831 2 -1.21275 0.960565
832 2 -0.895578 0.990354
833 2 -1.2079 0.962307
834 2 -1.16328 0.976582
835 2 -0.828437 0.974176
836 2 -0.567569 0.84686
837 2 0.710164 0.074296
838 2 1.32611 0.0081513
839 2 -0.937086 0.996488
840 2 -0.9403 0.996837
841 2 -0.579377 0.854477
842 2 0.582343 0.108002
843 2 -1.01298 0.99985
844 2 -1.15794 0.97807
845 2 0.63243 0.093599
846 2 -1.07216 0.995383
847 2 -0.94058 0.996866
848 2 -0.79892 0.964697
849 2 0.106006 0.337115
850 2 -1.0201 0.999641
851 2 -0.568718 0.847608
852 2 0.986025 0.0300155
853 2 0.777844 0.0602329
854 2 0.163799 0.300011
855 2 -1.0985 0.991413
856 2 -0.899537 0.991069
857 2 -0.918048 0.994048
858 2 0.504252 0.133807
859 2 -0.902074 0.991512
860 2 -0.295842 0.643557
861 2 -0.867564 0.98453
862 2 -0.403864 0.729138
863 2 -1.27946 0.932933
864 2 -0.525911 0.818905
865 2 -0.942709 0.997087
866 2 -0.848228 0.979733
867 2 -0.428584 0.748087
868 2 -0.683503 0.914809
869 2 -0.276066 0.627602
870 2 -0.786083 0.96014
871 2 -1.02405 0.999486
872 2 -1.02124 0.999599
873 2 0.774536 0.0608654
874 2 0.439283 0.158601
875 2 -0.914343 0.993499
876 2 -1.16685 0.975558
877 2 -0.584621 0.857813
878 2 -0.542152 0.829997
879 2 -1.01435 0.999817
880 2 -0.876282 0.986487
881 2 -1.00397 0.999986
882 2 1.28044 0.00982747
883 2 -0.983194 0.999749
884 2 -0.91292 0.993282
885 2 0.54147 0.120982
886 2 -0.962066 0.998722
887 2 0.6314 0.0938792
888 2 -1.00481 0.999979
889 2 -1.21588 0.959422
890 2 -0.872783 0.985717
891 2 1.23293 0.0118908
892 2 -1.24954 0.946154
893 2 0.783373 0.0591878
894 2 -0.96825 0.999104
895 2 0.791304 0.057715
896 2 0.960026 0.0328815
897 2 -0.926167 0.995166
898 2 -0.863617 0.983602
899 2 -1.04076 0.998524
900 2 1.08591 0.020909
901 2 1.33112 0.00798374
902 2 -0.635285 0.888485
903 2 0.970452 0.0317053
904 2 1.06809 0.0223311
905 2 0.869855 0.0446958
906 2 1.22618 0.0122132
907 2 -1.0769 0.994757
908 2 -0.792987 0.962624
909 2 -0.675724 0.910765
910 2 -0.704626 0.925379
911 2 -0.811802 0.969007
912 2 -1.00259 0.999994
913 2 1.0283 0.0258122
914 2 0.771212 0.0615063
915 2 -0.0950161 0.482876
916 2 0.322789 0.211115
917 2 -1.02387 0.999494
918 2 0.609372 0.100029
919 2 1.01187 0.0273814
920 2 1.30384 0.00893367
921 2 -1.0698 0.995679
922 2 -0.640651 0.891559
923 2 0.525626 0.126322
924 2 -1.29722 0.924478
925 2 -0.45256 0.766139
926 2 1.05694 0.0232634
927 2 -1.11696 0.987914
928 2 1.30845 0.00876618
929 2 -1.4103 0.861015
930 2 -1.15088 0.979967
931 2 -1.01592 0.999775
932 2 -1.20321 0.963958
933 2 0.159337 0.302788
934 2 -0.83148 0.975072
935 2 -0.63789 0.889982
936 2 -0.879371 0.987149
937 2 -1.03235 0.99907
938 2 -1.17323 0.973679
939 2 -0.774638 0.955859
940 2 -1.13526 0.983868
941 2 -1.21689 0.959049
942 2 -0.268811 0.62174
943 2 -0.76342 0.951466
944 2 -0.872776 0.985715
945 2 -1.17923 0.97185
946 2 -0.63768 0.889861
947 2 -0.358114 0.693338
948 2 0.774099 0.0609493
949 2 -0.993443 0.999962
950 2 -0.866302 0.984237
951 2 0.603178 0.101814
952 2 -1.24436 0.948305
953 2 -1.09448 0.992097
954 2 0.719467 0.0722186
955 2 -0.752593 0.947045
956 2 0.690999 0.0787278
957 2 -0.988827 0.999889
958 2 0.802555 0.0556774
959 2 -0.91836 0.994093
960 2 1.0254 0.0260834
961 2 -0.884713 0.988255
962 2 -0.807605 0.967633
963 2 -1.06574 0.996166
964 2 -0.808095 0.967794
965 2 -0.756884 0.948818
966 2 -0.760006 0.950091
967 2 -1.03238 0.999068
968 2 -1.11617 0.988076
969 2 -0.609611 0.873306
970 2 -0.993334 0.999961
971 2 1.13139 0.0176318
972 2 -1.10848 0.989595
973 2 -0.592911 0.863028
974 2 -0.946006 0.997412
975 2 -0.66532 0.905231
976 2 -1.26328 0.940247
977 2 -0.206295 0.571225
978 2 -1.03475 0.998927
979 2 0.61298 0.0990008
980 2 -0.811731 0.968984
981 2 -1.01866 0.99969
982 2 0.737891 0.0682429
983 2 0.870678 0.0445737
984 2 -0.681591 0.913822
985 2 0.691386 0.0786364
986 2 -0.795157 0.963389
987 2 1.23063 0.0119998
988 2 -1.14172 0.982305
989 2 -1.08722 0.993261
990 2 1.38646 0.00633052
991 2 -1.01982 0.999651
992 2 -0.662877 0.903911
993 2 -0.840654 0.977683
994 2 -0.52703 0.819677
995 2 0.582869 0.107842
996 2 -0.838296 0.977025
997 2 0.832514 0.0505402
998 2 0.735534 0.0687414
999 2 -1.0217 0.999581

