id subpop phenotype fitness
0 1 0.855367 0.981577
1 1 1.0656 0.996182
2 1 1.15009 0.980174
3 1 -1.0074 0.0278219
4 1 1.17311 0.973715
5 1 1.05331 0.997477
6 1 0.867304 0.98447
7 1 1.14294 0.982003
8 1 0.989124 0.999895
9 1 -1.17648 0.0148356
10 1 0.887755 0.988863
11 1 0.00457967 0.414465
12 1 -1.02926 0.0257237
13 1 0.793621 0.962848
14 1 0.518195 0.813554
15 1 0.217237 0.580052
16 1 1.05412 0.9974
17 1 0.990481 0.999919
18 1 1.1865 0.969555
19 1 0.845141 0.978909
20 1 0.767068 0.952916
21 1 0.979944 0.999643
22 1 0.925747 0.995111
23 1 0.444868 0.760385
24 1 -0.742237 0.0673318
25 1 0.751074 0.94641
26 1 1.15469 0.978955
27 1 1.05927 0.996882
28 1 0.742772 0.942882
29 1 -0.832245 0.0505847
30 1 0.819991 0.971608
31 1 1.19591 0.966459
32 1 1.19494 0.966785
33 1 0.922957 0.994738
34 1 -0.716302 0.07292
35 1 0.498102 0.799385
36 1 1.05228 0.997574
37 1 -0.720832 0.0719176
38 1 0.763353 0.95144
39 1 1.13356 0.984269
40 1 -0.735269 0.0687976
41 1 1.05739 0.997076
42 1 -0.280511 0.232813
43 1 0.56511 0.845257
44 1 -0.992086 0.029379
45 1 -0.818456 0.0528995
46 1 1.07027 0.995621
47 1 1.01896 0.999681
48 1 -1.13609 0.0173199
49 1 0.945751 0.997387
50 1 1.13296 0.984409
51 1 0.962756 0.998768
52 1 -0.928677 0.0366447
53 1 0.943621 0.997179
54 1 1.12774 0.985599
55 1 0.58458 0.857788
56 1 -1.04536 0.0242663
57 1 1.00622 0.999966
58 1 -1.01618 0.0269622
59 1 0.809097 0.968124
60 1 1.00946 0.99992
61 1 0.932556 0.995965
62 1 0.876855 0.986611
63 1 0.905153 0.992035
64 1 -0.90661 0.0395079
65 1 1.23687 0.951351
66 1 1.1533 0.979327
67 1 -0.649058 0.0891676
68 1 1.19987 0.965113
69 1 1.17947 0.971775
70 1 1.18345 0.970529
71 1 -1.25791 0.0107623
72 1 -1.19257 0.0139368
73 1 1.01566 0.999782
74 1 1.06498 0.996254
75 1 -0.938112 0.0354755
76 1 0.76407 0.951726
77 1 0.828722 0.97426
78 1 1.06314 0.996462
79 1 -1.23806 0.0116511
80 1 1.10704 0.989868
81 1 0.937655 0.996551
82 1 1.05962 0.996846
83 1 1.02834 0.999286
84 1 1.17711 0.972504
85 1 0.87646 0.986525
86 1 1.14533 0.981401
87 1 -0.0421086 0.38086
88 1 1.01694 0.999745
89 1 0.594083 0.863759
90 1 1.04871 0.997893
91 1 0.844665 0.97878
92 1 -1.3375 0.00777515
93 1 -1.11502 0.0187555
94 1 0.534609 0.824875
95 1 0.45236 0.76599
96 1 -0.740675 0.067658
97 1 0.811367 0.968866
98 1 0.669609 0.907529
99 1 -0.871667 0.0444273
100 1 0.842478 0.978185
101 1 0.735986 0.939922
102 1 -0.896831 0.040836
103 1 1.02567 0.999414
104 1 0.873933 0.985972
105 1 -1.24335 0.0114082
106 1 0.726155 0.935514
107 1 1.12073 0.987126
108 1 0.803311 0.966196
109 1 -0.150946 0.308051
110 1 -0.910796 0.0389507
111 1 0.679702 0.912842
112 1 1.09861 0.991393
113 1 1.08977 0.992862
114 1 0.663011 0.903984
115 1 1.08853 0.993058
116 1 -0.879008 0.0433532
117 1 0.761806 0.950818
118 1 1.05088 0.997702
119 1 1.15331 0.979323
120 1 0.733027 0.93861
121 1 0.434068 0.752246
122 1 0.820982 0.971915
123 1 0.864298 0.983764
124 1 -1.10129 0.0197461
125 1 1.13492 0.983951
126 1 0.623618 0.881683
127 1 0.351395 0.688015
128 1 1.11279 0.988756
129 1 -0.622418 0.0963498
130 1 -1.02069 0.0265291
131 1 0.880237 0.987331
132 1 1.0304 0.999179
133 1 -1.4726 0.00436366
134 1 -0.43051 0.16219
135 1 1.06056 0.996745
136 1 0.694618 0.920447
137 1 1.11269 0.988776
138 1 -0.799908 0.0561513
139 1 1.17454 0.973284
140 1 1.20982 0.961623
141 1 0.229651 0.590078
142 1 -1.00096 0.0284678
143 1 0.954775 0.998184
144 1 0.944441 0.99726
145 1 -0.329724 0.207691
146 1 0.224565 0.585969
147 1 0.94067 0.996876
148 1 0.592485 0.862762
149 1 0.78156 0.958473
150 1 1.09496 0.992016
151 1 0.816668 0.970566
152 1 1.25536 0.943683
153 1 -0.967666 0.032016
154 1 0.673135 0.909401
155 1 1.02547 0.999423
156 1 1.07062 0.995577
157 1 1.19834 0.965636
158 1 1.04796 0.997957
159 1 -0.555461 0.116411
160 1 -0.79924 0.0562713
161 1 0.746645 0.944541
162 1 0.89862 0.990906
163 1 1.14179 0.982288
164 1 0.967443 0.999058
165 1 0.728791 0.93671
166 1 0.0892144 0.478375
167 1 -1.24892 0.011157
168 1 1.10191 0.99081
169 1 1.11403 0.988508
170 1 0.741685 0.942412
171 1 0.202398 0.568085
172 1 1.13616 0.983655
173 1 1.16655 0.975644
174 1 -0.927861 0.0367474
175 1 1.02228 0.999559
176 1 1.13871 0.983044
177 1 0.203505 0.568977
178 1 0.664689 0.904891
179 1 -0.382741 0.182769
180 1 -0.935217 0.0358309
181 1 1.08594 0.993456
182 1 1.15774 0.978124
183 1 0.775633 0.956239
184 1 1.11149 0.989012
185 1 -1.3066 0.00883296
186 1 -0.0498613 0.375408
187 1 0.108881 0.493683
188 1 -0.725225 0.0709564
189 1 1.01953 0.999661
190 1 1.10194 0.990805
191 1 1.14802 0.980714
192 1 0.858408 0.982337
193 1 -0.695587 0.0776481
194 1 0.818312 0.971084
195 1 -0.00551798 0.407088
196 1 0.772991 0.955226
197 1 1.10641 0.989985
198 1 0.26675 0.620074
199 1 1.19729 0.965994
200 1 0.741888 0.9425
201 1 0.616461 0.87743
202 1 1.13059 0.984955
203 1 1.21963 0.95803
204 1 0.463179 0.77402
205 1 -0.488011 0.139714
206 1 1.19481 0.966829
207 1 -1.04674 0.0241446
208 1 -0.963942 0.0324354
209 1 0.192956 0.560486
210 1 -1.19441 0.0138372
211 1 -0.831288 0.0507424
212 1 0.749001 0.945539
213 1 -0.759489 0.0638114
214 1 -0.922935 0.0373723
215 1 0.926016 0.995146
216 1 0.596877 0.865497
217 1 0.792012 0.962278
218 1 0.845855 0.979101
219 1 0.991833 0.999941
220 1 -0.110981 0.333826
221 1 1.27887 0.933208
222 1 1.13583 0.983733
223 1 0.88397 0.988104
224 1 1.16887 0.97497
225 1 0.791087 0.961948
226 1 0.912159 0.993165
227 1 1.13412 0.984137
228 1 -0.539601 0.121603
229 1 -1.18595 0.0143007
230 1 1.2041 0.963651
231 1 1.1084 0.989609
232 1 1.07827 0.994569
233 1 1.0861 0.993433
234 1 1.05885 0.996927
235 1 0.55209 0.836665
236 1 0.699592 0.922916
237 1 1.17865 0.972028
238 1 1.10322 0.990575
239 1 -0.96752 0.0320324
240 1 -1.07794 0.021535
241 1 0.761624 0.950745
242 1 0.814284 0.969807
243 1 0.831565 0.975097
244 1 0.886955 0.988705
245 1 1.16844 0.975094
246 1 -0.842665 0.0488918
247 1 1.02972 0.999215
248 1 0.898192 0.990829
249 1 -1.16012 0.015801
250 1 0.872013 0.985545
251 1 1.15824 0.977989
252 1 0.0692185 0.46297
253 1 0.657291 0.900865
254 1 1.08154 0.994108
255 1 1.07029 0.995618
256 1 0.993832 0.999966
257 1 -1.00353 0.0282091
258 1 1.12494 0.98622
259 1 0.53759 0.826905
260 1 1.16651 0.975656
261 1 -0.916479 0.0382048
262 1 0.792225 0.962353
263 1 -0.531643 0.124273
264 1 1.14453 0.981604
265 1 1.06821 0.995873
266 1 -0.0502928 0.375106
267 1 0.215972 0.579031
268 1 1.12022 0.987234
269 1 0.898374 0.990862
270 1 0.885825 0.988479
271 1 0.860368 0.982818
272 1 -0.345572 0.200009
273 1 0.869203 0.984908
274 1 -0.437275 0.159417
275 1 0.718326 0.931905
276 1 -0.998315 0.0287371
277 1 1.02809 0.999299
278 1 -1.20231 0.0134168
279 1 0.892586 0.989797
280 1 1.18957 0.96856
281 1 -1.07062 0.0221245
282 1 -1.11495 0.01876
283 1 0.594215 0.863842
284 1 -1.25349 0.0109549
285 1 0.780617 0.958121
286 1 1.10784 0.989716
287 1 0.35925 0.694237
288 1 0.943188 0.997135
289 1 -0.761721 0.0633672
290 1 0.890099 0.989321
291 1 1.10184 0.990823
292 1 0.804605 0.966632
293 1 0.221028 0.583112
294 1 0.89562 0.990362
295 1 0.902683 0.991617
296 1 0.821594 0.972104
297 1 0.0140253 0.421418
298 1 -0.960296 0.0328506
299 1 1.1212 0.987027
300 1 0.877531 0.986756
301 1 0.732514 0.938381
302 1 1.00794 0.999944
303 1 -1.10075 0.0197857
304 1 0.596708 0.865392
305 1 0.0104121 0.418753
306 1 0.961485 0.998682
307 1 1.10906 0.989484
308 1 1.16118 0.977172
309 1 1.06577 0.996162
310 1 0.621757 0.880583
311 1 1.17676 0.97261
312 1 1.01227 0.999866
313 1 -0.930725 0.0363882
314 1 1.10053 0.991056
315 1 0.861909 0.983192
316 1 0.4823 0.788018
317 1 0.591025 0.861848
318 1 0.84912 0.979968
319 1 1.20128 0.96463
320 1 1.13825 0.983153
321 1 0.774798 0.95592
322 1 1.11695 0.987916
323 1 1.06925 0.995746
324 1 -0.555944 0.116255
325 1 0.50161 0.801882
326 1 -1.16061 0.0157717
327 1 0.870822 0.985277
328 1 -1.21489 0.0127702
329 1 1.00994 0.999912
330 1 0.834596 0.975975
331 1 0.88739 0.988791
332 1 1.12805 0.985532
333 1 1.15235 0.979579
334 1 -1.12459 0.0180908
335 1 0.890511 0.989401
336 1 1.10403 0.990427
337 1 -1.17586 0.0148713
338 1 0.86509 0.983952
339 1 1.12951 0.985202
340 1 1.11051 0.989204
341 1 1.11426 0.988462
342 1 0.845503 0.979006
343 1 1.1799 0.97164
344 1 0.82306 0.972555
345 1 -0.92579 0.037009
346 1 0.964583 0.998886
347 1 1.16574 0.975879
348 1 -0.949809 0.03407
349 1 -0.495446 0.136986
350 1 -0.951137 0.0339135
351 1 1.04299 0.998359
352 1 1.11608 0.988094
353 1 -1.19138 0.0140016
354 1 0.895749 0.990386
355 1 0.501666 0.801922
356 1 0.681244 0.913643
357 1 0.705099 0.925609
358 1 -0.431706 0.161698
359 1 1.18974 0.968504
360 1 1.10342 0.990537
361 1 1.02061 0.999622
362 1 0.743193 0.943063
363 1 -0.976201 0.0310723
364 1 -1.33209 0.00795195
365 1 0.173192 0.544626
366 1 0.467606 0.777284
367 1 0.863789 0.983643
368 1 0.31668 0.66031
369 1 1.08737 0.993238
370 1 -1.24027 0.0115489
371 1 -0.734155 0.0690345
372 1 0.708736 0.927364
373 1 -1.00049 0.0285162
374 1 1.13088 0.984889
375 1 1.12918 0.985277
376 1 1.12999 0.985092
377 1 -0.591514 0.105243
378 1 1.08055 0.994249
379 1 0.984382 0.999783
380 1 0.843859 0.978562
381 1 -1.26296 0.0105462
382 1 0.491319 0.794529
383 1 1.06004 0.9968
384 1 1.12341 0.986554
385 1 0.863067 0.983471
386 1 1.18491 0.970063
387 1 -1.06054 0.0229582
388 1 1.03463 0.998935
389 1 1.11044 0.989216
390 1 -1.09323 0.0203485
391 1 -1.24063 0.0115326
392 1 0.919997 0.994327
393 1 0.912297 0.993186
394 1 1.14225 0.982175
395 1 1.15656 0.978449
396 1 1.1471 0.980951
397 1 0.83176 0.975154
398 1 1.11827 0.987643
399 1 0.712872 0.929339
400 1 0.738353 0.940962
401 1 -0.82907 0.05111
402 1 1.25424 0.944164
403 1 -0.957576 0.0331632
404 1 1.06958 0.995706
405 1 0.727063 0.935927
406 1 1.17913 0.97188
407 1 1.18254 0.970816
408 1 0.847357 0.979502
409 1 -0.850621 0.0476313
410 1 -0.704505 0.0755831
411 1 -0.846905 0.0482166
412 1 1.0599 0.996816
413 1 1.14721 0.980921
414 1 1.1339 0.984189
415 1 0.850647 0.980367
416 1 -1.07531 0.0217453
417 1 1.16085 0.977263
418 1 -1.02683 0.0259498
419 1 0.821984 0.972224
420 1 1.09892 0.991339
421 1 1.03558 0.998875
422 1 0.821865 0.972188
423 1 0.0247129 0.429344
424 1 1.09567 0.991896
425 1 1.12906 0.985302
426 1 0.857801 0.982187
427 1 1.10154 0.990876
428 1 0.976084 0.999492
429 1 1.16007 0.977481
430 1 0.959724 0.998559
431 1 0.418985 0.740766
432 1 -1.11727 0.0185973
433 1 0.951043 0.997872
434 1 0.830301 0.974727
435 1 0.789101 0.961235
436 1 0.736305 0.940063
437 1 0.859597 0.98263
438 1 1.02499 0.999445
439 1 0.85034 0.980287
440 1 0.286745 0.636223
441 1 1.14182 0.982281
442 1 0.958516 0.998471
443 1 -1.2919 0.00938017
444 1 1.11984 0.987315
445 1 1.00084 0.999999
446 1 0.685683 0.915928
447 1 1.17965 0.97172
448 1 1.16338 0.976552
449 1 1.08744 0.993227
450 1 -0.89698 0.0408154
451 1 1.13427 0.984103
452 1 0.434899 0.752874
453 1 1.15256 0.979525
454 1 1.00524 0.999976
455 1 0.822756 0.972462
456 1 0.828473 0.974187
457 1 0.746193 0.944348
458 1 1.24242 0.949103
459 1 0.522829 0.816774
460 1 1.05909 0.996901
461 1 -0.748838 0.0659665
462 1 1.06121 0.996675
463 1 0.833488 0.975656
464 1 0.946635 0.997472
465 1 1.04845 0.997915
466 1 1.09738 0.991606
467 1 -1.09357 0.0203225
468 1 -0.963622 0.0324716
469 1 0.852614 0.980876
470 1 -1.06306 0.0227471
471 1 -1.2618 0.0105957
472 1 0.881464 0.987588
473 1 0.696282 0.921276
474 1 -0.555302 0.116462
475 1 1.02899 0.999253
476 1 1.04994 0.997785
477 1 0.896234 0.990475
478 1 0.654836 0.899514
479 1 1.14135 0.982398
480 1 0.786388 0.960251
481 1 -0.555977 0.116245
482 1 1.15371 0.979218
483 1 1.03826 0.9987
484 1 -1.14997 0.0164279
485 1 1.20569 0.963092
486 1 1.12509 0.986187
487 1 1.07807 0.994597
488 1 1.08351 0.993821
489 1 1.30036 0.92294
490 1 1.21381 0.96018
491 1 1.06073 0.996727
492 1 -0.0694912 0.361779
493 1 -1.01288 0.0272832
494 1 0.917536 0.993974
495 1 0.735221 0.939584
496 1 1.11861 0.987572
497 1 1.20857 0.962068
498 1 1.05757 0.997059
499 1 1.07703 0.99474
500 1 1.12125 0.987017
501 1 0.503603 0.803296
502 1 0.750574 0.9462
503 1 0.81013 0.968463
504 1 1.09819 0.991466
505 1 -0.441691 0.157626
506 1 1.08973 0.992868
507 1 0.893144 0.989902
508 1 -0.403625 0.173556
509 1 1.09376 0.992217
510 1 0.859992 0.982727
511 1 1.07032 0.995614
512 1 1.08804 0.993134
513 1 0.607779 0.872193
514 1 1.08486 0.993619
515 1 -1.16082 0.015759
516 1 0.523633 0.817331
517 1 -1.26088 0.0106349
518 1 0.804874 0.966723
519 1 1.05954 0.996854
520 1 0.667668 0.906492
521 1 0.868194 0.984676
522 1 1.151 0.979937
523 1 0.891069 0.989508
524 1 -1.23942 0.0115881
525 1 0.969993 0.9992
526 1 -1.11922 0.0184611
527 1 1.12392 0.986442
528 1 1.08508 0.993586
529 1 0.759752 0.949988
530 1 -0.579985 0.10872
531 1 1.01411 0.999823
532 1 1.06494 0.996259
533 1 0.81282 0.969337
534 1 -0.619196 0.0972485
535 1 0.928798 0.995504
536 1 0.802301 0.965854
537 1 0.769556 0.953893
538 1 -0.711558 0.0739815
539 1 -0.00764674 0.40554
540 1 0.307108 0.652623
541 1 0.831258 0.975008
542 1 -1.26973 0.0102625
543 1 -0.774233 0.0609235
544 1 0.925508 0.99508
545 1 1.09033 0.992774
546 1 0.771123 0.954503
547 1 -0.869453 0.0447557
548 1 1.04397 0.998283
549 1 -0.703791 0.0757468
550 1 1.08091 0.994198
551 1 1.07606 0.994871
552 1 -1.03043 0.0256148
553 1 0.861368 0.983062
554 1 0.704791 0.925459
555 1 0.806111 0.967136
556 1 1.10104 0.990966
557 1 1.05961 0.996846
558 1 0.825951 0.973432
559 1 1.0615 0.996644
560 1 0.731965 0.938136
561 1 1.06961 0.995702
562 1 -1.16314 0.0156193
563 1 0.494601 0.796883
564 1 0.495107 0.797245
565 1 0.753189 0.947292
566 1 1.04 0.998579
567 1 -0.819268 0.0527608
568 1 -0.973292 0.0313912
569 1 0.901556 0.991423
570 1 -0.659744 0.0864086
571 1 0.642995 0.89289
572 1 1.2942 0.925949
573 1 0.724788 0.934891
574 1 -0.840695 0.0492081
575 1 -1.18524 0.0143403
576 1 0.863127 0.983485
577 1 1.08238 0.993986
578 1 0.954561 0.998166
579 1 0.991473 0.999935
580 1 1.14844 0.980606
581 1 1.15195 0.979687
582 1 0.891224 0.989538
583 1 1.14771 0.980793
584 1 0.72736 0.936062
585 1 -1.01233 0.0273365
586 1 0.6243 0.882085
587 1 -0.931257 0.0363218
588 1 0.414944 0.73767
589 1 1.13318 0.984357
590 1 -1.37554 0.00662996
591 1 -1.31657 0.00847865
592 1 -0.97979 0.0306825
593 1 0.697607 0.921934
594 1 1.03939 0.998622
595 1 1.11415 0.988484
596 1 0.890121 0.989325
597 1 0.859946 0.982715
598 1 1.1095 0.989398
599 1 1.18312 0.970634
600 1 -0.323392 0.210816
601 1 0.959487 0.998542
602 1 1.29287 0.926592
603 1 0.87596 0.986417
604 1 1.21827 0.958537
605 1 1.17939 0.9718
606 1 1.19024 0.96834
607 1 0.767368 0.953034
608 1 0.774564 0.955831
609 1 1.02515 0.999438
610 1 1.05123 0.99767
611 1 -0.987253 0.0298856
612 1 0.898661 0.990913
613 1 -0.98056 0.0305995
614 1 1.05338 0.99747
615 1 -1.15301 0.016238
616 1 0.77774 0.957039
617 1 1.01069 0.999899
618 1 -0.910535 0.0389853
619 1 -0.610372 0.0997435
620 1 0.765618 0.952342
621 1 0.621394 0.880368
622 1 1.10556 0.990144
623 1 -0.592396 0.104981
624 1 0.819951 0.971596
625 1 -0.766847 0.0623565
626 1 1.1838 0.970419
627 1 0.0237105 0.428598
628 1 -0.644835 0.0902769
629 1 1.0818 0.994069
630 1 1.08029 0.994286
631 1 -1.13186 0.0176
632 1 -1.11907 0.0184715
633 1 -0.144293 0.312261
634 1 -0.691049 0.0787161
635 1 -0.777736 0.0602535
636 1 0.662076 0.903477
637 1 1.07839 0.994552
638 1 -0.789132 0.0581152
639 1 0.81996 0.971598
640 1 -0.980852 0.030568
641 1 -1.06704 0.0224175
642 1 0.821897 0.972198
643 1 -0.972309 0.0314996
644 1 1.03471 0.99893
645 1 1.1528 0.979461
646 1 0.984941 0.999798
647 1 -1.15652 0.0160213
648 1 -1.24852 0.0111751
649 1 0.786409 0.960259
650 1 0.844473 0.978729
651 1 1.0779 0.99462
652 1 1.23375 0.952592
653 1 0.756726 0.948753
654 1 0.690089 0.91817
655 1 1.10563 0.990131
656 1 0.804406 0.966566
657 1 -0.72164 0.07174
658 1 0.187358 0.555987
659 1 1.09909 0.99131
660 1 0.550268 0.835449
661 1 1.1133 0.988654
662 1 0.964815 0.9989
663 1 0.434097 0.752268
664 1 0.745904 0.944225
665 1 1.12075 0.987123
666 1 0.000610364 0.411558
667 1 0.41129 0.734863
668 1 1.05189 0.997609
669 1 1.06967 0.995695
670 1 1.13546 0.983822
671 1 0.939622 0.996765
672 1 0.749881 0.945909
673 1 -0.247538 0.250719
674 1 -0.731133 0.06968
675 1 -0.873398 0.0441721
676 1 0.934616 0.996207
677 1 0.829876 0.974602
678 1 0.70333 0.924748
679 1 -1.19637 0.0137317
680 1 1.03223 0.999077
681 1 0.707793 0.926911
682 1 -0.645692 0.0900509
683 1 0.810086 0.968448
684 1 1.12102 0.987065
685 1 1.17047 0.974498
686 1 0.38994 0.718334
687 1 0.988305 0.999878
688 1 0.345533 0.683359
689 1 0.52641 0.81925
690 1 1.01086 0.999895
691 1 0.547724 0.833747
692 1 0.88474 0.988261
693 1 -0.728158 0.0703203
694 1 0.851126 0.980492
695 1 0.802868 0.966047
696 1 0.738894 0.941199
697 1 -1.22989 0.0120354
698 1 1.19029 0.968324
699 1 -1.09116 0.0205056
700 1 0.985721 0.999819
701 1 -0.74283 0.0672081
702 1 1.14302 0.981983
703 1 -1.24109 0.0115112
704 1 0.881407 0.987576
705 1 1.20897 0.961926
706 1 0.998569 0.999998
707 1 1.17094 0.974362
708 1 0.825833 0.973397
709 1 0.522486 0.816536
710 1 1.06056 0.996745
711 1 0.775979 0.956371
712 1 1.08705 0.993287
713 1 0.625474 0.882776
714 1 -0.328663 0.208213
715 1 1.10832 0.989625
716 1 1.18004 0.971597
717 1 -0.635188 0.0928523
718 1 -0.527102 0.125817
719 1 1.19393 0.967124
720 1 -0.00415349 0.408082
721 1 0.0155721 0.422561
722 1 0.755398 0.948207
723 1 0.708611 0.927304
724 1 -0.9169 0.0381501
725 1 1.06332 0.996443
726 1 1.28171 0.931888
727 1 0.841368 0.97788
728 1 -0.800843 0.0559834
729 1 -0.892586 0.041424
730 1 1.05066 0.997721
731 1 0.854618 0.981388
732 1 0.493791 0.796303
733 1 0.710315 0.928121
734 1 -1.18235 0.0145023
735 1 0.530591 0.822126
736 1 0.66435 0.904708
737 1 -0.992495 0.0293365
738 1 0.899671 0.991092
739 1 0.87985 0.98725
740 1 0.298703 0.645861
741 1 0.555995 0.839259
742 1 -0.984419 0.0301862
743 1 1.11492 0.988329
744 1 1.12317 0.986606
745 1 -1.16157 0.0157136
746 1 -0.821036 0.0524597
747 1 1.05574 0.997242
748 1 1.16182 0.976992
749 1 0.831646 0.975121
750 1 1.13976 0.982786
751 1 -0.664334 0.0852446
752 1 1.09308 0.992328
753 1 0.874987 0.986204
754 1 0.716888 0.931232
755 1 -1.00898 0.0276658
756 1 1.12392 0.986443
757 1 0.700176 0.923203
758 1 -1.3092 0.00873944
759 1 1.01861 0.999692
760 1 1.10743 0.989794
761 1 -0.689782 0.0790163
762 1 1.04813 0.997943
763 1 1.14082 0.982526
764 1 -0.780671 0.0596967
765 1 1.17768 0.972328
766 1 0.993853 0.999966
767 1 0.916184 0.993775
768 1 -1.07509 0.0217627
769 1 0.771962 0.954829
770 1 0.773082 0.955261
771 1 0.706322 0.926201
772 1 0.825586 0.973322
773 1 -1.30043 0.00905911
774 1 1.09209 0.99249
775 1 -1.00757 0.0278055
776 1 1.07841 0.99455
777 1 0.814142 0.969762
778 1 0.659112 0.901863
779 1 -0.735175 0.0688176
780 1 0.822273 0.972313
781 1 1.06442 0.996318
782 1 0.697893 0.922076
783 1 1.13548 0.983817
784 1 -0.263254 0.242077
785 1 1.07539 0.994961
786 1 0.893722 0.99001
787 1 0.0373451 0.438789
788 1 1.14763 0.980814
789 1 0.792848 0.962574
790 1 1.12002 0.987278
791 1 1.07266 0.995318
792 1 1.11153 0.989005
793 1 1.1388 0.98302
794 1 1.09317 0.992313
795 1 -0.045539 0.378443
796 1 0.842789 0.97827
797 1 1.0892 0.992953
798 1 1.09972 0.9912
799 1 1.30535 0.920463
800 1 1.16559 0.975921
801 1 1.10475 0.990294
802 1 1.17217 0.973995
803 1 -1.15842 0.0159049
804 1 1.10584 0.990093
805 1 0.869317 0.984934
806 1 0.927362 0.995321
807 1 0.249416 0.606059
808 1 1.16748 0.975375
809 1 -0.740089 0.0677809
810 1 0.886992 0.988712
811 1 0.180212 0.550251
812 1 1.02656 0.999373
813 1 0.967818 0.99908
814 1 -1.02925 0.0257242
815 1 0.177293 0.547911
816 1 0.579574 0.854603
817 1 0.718597 0.932031
818 1 0.801153 0.965464
819 1 0.626588 0.883429
820 1 -1.07892 0.0214572
821 1 -1.06754 0.0223765
822 1 -1.20702 0.0131715
823 1 0.775917 0.956347
824 1 -1.22622 0.0122112
825 1 0.803739 0.966341
826 1 -0.76325 0.0630643
827 1 1.10059 0.991046
828 1 0.526913 0.819596
829 1 0.866877 0.984371
830 1 0.994239 0.99997
831 1 0.533402 0.824051
832 1 -1.33555 0.00783844
833 1 1.08523 0.993564
834 1 0.792081 0.962302
835 1 1.01044 0.999903
836 1 0.839835 0.977456
837 1 1.11942 0.987403
838 1 -0.691957 0.0785015
839 1 1.13396 0.984174
840 1 0.712158 0.928999
841 1 0.768087 0.953317
842 1 -1.05975 0.0230252
843 1 -0.259011 0.244391
844 1 0.702046 0.924121
845 1 1.15739 0.978223
846 1 0.828425 0.974172
847 1 1.14595 0.981244
848 1 1.13662 0.983546
849 1 1.10651 0.989967
850 1 -0.936535 0.0356687
851 1 1.07482 0.995037
852 1 1.11889 0.987514
853 1 1.09879 0.991362
854 1 0.727806 0.936264
855 1 1.10742 0.989796
856 1 0.992868 0.999955
857 1 1.04227 0.998413
858 1 0.771571 0.954677
859 1 0.827402 0.973867
860 1 1.05801 0.997013
861 1 1.14525 0.981422
862 1 0.689941 0.918095
863 1 0.883392 0.987986
864 1 0.925253 0.995046
865 1 1.09441 0.992108
866 1 1.12622 0.985938
867 1 0.195235 0.562319
868 1 1.12767 0.985615
869 1 0.93753 0.996537
870 1 0.882601 0.987824
871 1 1.03299 0.999033
872 1 -0.79075 0.0578169
873 1 0.546368 0.832837
874 1 0.940979 0.996908
875 1 0.85338 0.981073
876 1 0.828116 0.97408
877 1 -0.673072 0.0830634
878 1 0.952352 0.997984
879 1 1.08513 0.993578
880 1 1.15067 0.980024
881 1 -0.117237 0.329715
882 1 0.769149 0.953734
883 1 1.17469 0.97324
884 1 1.20708 0.962599
885 1 -0.827725 0.051334
886 1 -1.33837 0.00774733
887 1 -1.10209 0.0196865
888 1 0.959435 0.998538
889 1 -0.723446 0.0713444
890 1 1.1516 0.97978
891 1 -0.513743 0.130443
892 1 0.820746 0.971842
893 1 0.0542958 0.451589
894 1 1.0854 0.993538
895 1 1.17278 0.973815
896 1 -0.813779 0.0537044
897 1 0.892718 0.989822
898 1 -1.18258 0.0144889
899 1 1.17342 0.973622
900 1 -0.947947 0.0342906
901 1 1.05665 0.997151
902 1 0.670442 0.907973
903 1 1.1635 0.976518
904 1 1.19483 0.966822
905 1 -1.12216 0.0182575
906 1 -0.422379 0.165569
907 1 -1.11562 0.0187132
908 1 1.08466 0.993649
909 1 0.881676 0.987632
910 1 1.21685 0.959061
911 1 0.986382 0.999835
912 1 1.10136 0.990909
913 1 0.503246 0.803044
914 1 -0.88486 0.0425127
915 1 1.18293 0.970692
916 1 1.16355 0.976503
917 1 1.08767 0.993192
918 1 -1.24164 0.0114861
919 1 1.16268 0.976751
920 1 1.11838 0.98762
921 1 0.696867 0.921567
922 1 1.01595 0.999774
923 1 0.80378 0.966355
924 1 1.22486 0.95605
925 1 0.426688 0.746644
926 1 1.10741 0.989798
927 1 1.11961 0.987364
928 1 1.11554 0.988205
929 1 1.13673 0.983518
930 1 0.632092 0.88664
931 1 1.20556 0.963138
932 1 1.0404 0.99855
933 1 -1.25215 0.0110139
934 1 0.672101 0.908854
935 1 1.21541 0.959595
936 1 0.919116 0.994202
937 1 0.970143 0.999208
938 1 -0.977135 0.0309704
939 1 0.84749 0.979537
940 1 1.00158 0.999998
941 1 1.07548 0.994949
942 1 0.456465 0.769046
943 1 0.724565 0.934789
944 1 1.2177 0.958748
945 1 0.851468 0.980581
946 1 0.973042 0.999354
947 1 1.05152 0.997644
948 1 -0.805567 0.0551421
949 1 0.854544 0.981369
950 1 -1.02823 0.0258188
951 1 0.451149 0.765086
952 1 0.440872 0.757382
953 1 0.68578 0.915977
954 1 0.943761 0.997193
955 1 0.690724 0.918491
956 1 0.879003 0.987071
957 1 1.09448 0.992096
958 1 1.08541 0.993536
959 1 1.10349 0.990525
960 1 1.04537 0.998172
961 1 -0.707458 0.0749091
962 1 0.538297 0.827386
963 1 0.992743 0.999953
964 1 0.0950949 0.482937
965 1 -1.21194 0.0129189
966 1 1.16248 0.976806
967 1 0.77438 0.95576
968 1 0.753403 0.947381
969 1 0.728159 0.936424
970 1 1.13022 0.985041
971 1 0.375336 0.706912
972 1 1.1277 0.98561
973 1 0.0180242 0.424376
974 1 -1.0324 0.0254334
975 1 -1.04072 0.0246785
976 1 0.420325 0.741792
977 1 0.723822 0.934448
978 1 1.13894 0.982988
979 1 -0.573384 0.11075
980 1 -0.870347 0.0446228
981 1 0.965295 0.99893
982 1 1.09339 0.992277
983 1 1.14466 0.981571
984 1 0.611536 0.87447
985 1 0.103206 0.489251
986 1 -0.513132 0.130658
987 1 0.737123 0.940423
988 1 1.16163 0.977045
989 1 -1.1592 0.0158571
990 1 1.12466 0.986282
991 1 1.01684 0.999748
992 1 -0.435045 0.160327
993 1 1.20425 0.963595
994 1 0.908144 0.992528
995 1 0.924328 0.994923
996 1 0.97018 0.99921
997 1 0.972622 0.999334
998 1 0.806158 0.967152
999 1 1.1273 0.985699
0 2 -1.17885 0.971967
1 2 -1.12242 0.986768
2 2 -0.963152 0.998794
3 2 -0.87331 0.985834
4 2 -1.11335 0.988644
5 2 -0.985611 0.999816
6 2 -1.04888 0.997879
7 2 1.12042 0.018378
8 2 -1.20728 0.962528
9 2 -0.10976 0.494371
10 2 -1.0117 0.999878
11 2 1.1591 0.0158635
12 2 1.07069 0.0221183
13 2 1.1272 0.0179137
14 2 -0.718887 0.932166
15 2 -0.825115 0.97318
16 2 -0.876784 0.986595
17 2 -0.782572 0.958848
18 2 -0.918994 0.994184
19 2 0.862725 0.0457659
20 2 -1.24279 0.948953
21 2 0.922723 0.0373993
22 2 -0.659563 0.902109
23 2 -0.370788 0.703338
24 2 0.733787 0.0691128
25 2 -1.19674 0.966179
26 2 0.99759 0.0288112
27 2 -0.735829 0.939852
28 2 -0.983304 0.999752
29 2 -1.22886 0.95451
30 2 -0.703836 0.924995
31 2 -0.764765 0.952003
32 2 -0.861534 0.983102
33 2 1.11696 0.0186193
34 2 -1.2298 0.954144
35 2 -1.04637 0.99809
36 2 1.20394 0.0133313
37 2 -0.721292 0.933282
38 2 0.848944 0.0478948
39 2 -0.612189 0.874864
40 2 -1.22942 0.954293
41 2 -1.134 0.984165
42 2 -0.217352 0.580144
43 2 -0.339565 0.678609
44 2 1.09511 0.0202066
45 2 -1.01418 0.999821
46 2 -1.33933 0.902715
47 2 -1.17292 0.97377
48 2 -0.871294 0.985383
49 2 -1.19185 0.967811
50 2 -1.02342 0.999513
51 2 -1.28075 0.932337
52 2 -0.705075 0.925597
53 2 0.875591 0.0438505
54 2 -0.802436 0.9659
55 2 -0.780745 0.958169
56 2 -1.01538 0.99979
57 2 -0.985585 0.999815
58 2 -1.13563 0.983782
59 2 1.18025 0.0146206
60 2 -1.16849 0.97508
61 2 -0.92945 0.995585
62 2 -1.18769 0.969171
63 2 -0.32833 0.669641
64 2 1.06793 0.0223442
65 2 -1.1271 0.985743
66 2 0.550354 0.118064
67 2 -0.225325 0.586583
68 2 -0.884179 0.988147
69 2 -1.28249 0.931523
70 2 1.22881 0.012087
71 2 -0.342676 0.681086
72 2 0.859593 0.0462427
73 2 -0.832848 0.97547
74 2 0.174462 0.293435
75 2 -0.928121 0.995418
76 2 -0.0312531 0.434223
77 2 -0.974996 0.999444
78 2 -1.09919 0.991293
79 2 -0.891899 0.989666
80 2 -0.977657 0.999556
81 2 -0.852519 0.980852
82 2 -1.2653 0.939352
83 2 -0.986469 0.999837
84 2 1.04364 0.0244185
85 2 -1.28725 0.929281
86 2 -0.771441 0.954627
87 2 0.148338 0.309697
88 2 -0.924421 0.994935
89 2 -0.939666 0.99677
90 2 0.764894 0.0627399
91 2 -0.856372 0.98183
92 2 -1.22209 0.957105
93 2 1.2413 0.0115018
94 2 1.11164 0.0189953
95 2 0.807876 0.0547346
96 2 0.113638 0.332076
97 2 0.693876 0.0780494
98 2 -1.32657 0.909556
99 2 -0.513948 0.810587
100 2 -0.920802 0.99444
101 2 -0.924245 0.994912
102 2 -1.03291 0.999038
103 2 1.05962 0.0230363
104 2 -1.29897 0.923621
105 2 0.886446 0.0422872
106 2 0.785573 0.0587762
107 2 -1.27776 0.933721
108 2 0.747609 0.0662189
109 2 1.12088 0.0183463
110 2 -0.620765 0.879995
111 2 0.197703 0.279402
112 2 0.564881 0.113409
113 2 -0.887588 0.98883
114 2 1.11587 0.0186953
115 2 0.97512 0.0311904
116 2 -1.04815 0.997942
117 2 0.642331 0.09094
118 2 -1.32594 0.909887
119 2 -1.09321 0.992307
120 2 -1.15514 0.978834
121 2 -1.23132 0.953548
122 2 -0.786909 0.960441
123 2 1.16113 0.0157403
124 2 -0.459153 0.771041
125 2 -0.666451 0.905839
126 2 -0.91744 0.99396
127 2 -1.17589 0.972874
128 2 -0.590099 0.861267
129 2 1.12281 0.0182129
130 2 -1.23605 0.95168
131 2 -0.590761 0.861683
132 2 -1.05347 0.997462
133 2 -0.393486 0.721094
134 2 -1.24717 0.947145
135 2 0.221882 0.265244
136 2 0.883358 0.0427271
137 2 -1.06928 0.995743
138 2 -0.91843 0.994103
139 2 0.139892 0.315063
140 2 -0.922171 0.99463
141 2 -0.660953 0.902867
142 2 -0.204861 0.57007
143 2 0.346834 0.199406
144 2 -1.00884 0.999931
145 2 -0.761722 0.950784
146 2 -1.06008 0.996796
147 2 -0.823793 0.972778
148 2 -1.06221 0.996566
149 2 -0.199292 0.565584
150 2 -1.00789 0.999945
151 2 -1.23817 0.950826
152 2 -0.942261 0.997041
153 2 -0.063413 0.45853
154 2 -1.17078 0.974409
155 2 -1.00796 0.999944
156 2 -1.05118 0.997675
157 2 0.502661 0.134378
158 2 -1.13882 0.983016
159 2 -1.06351 0.996421
160 2 -1.2795 0.932916
161 2 0.441241 0.157808
162 2 -0.766232 0.952585
163 2 -0.966517 0.999004
164 2 -0.992278 0.999947
165 2 0.915327 0.0383551
166 2 -0.686598 0.916395
167 2 -0.983129 0.999747
168 2 0.759962 0.063717
169 2 -0.974356 0.999416
170 2 1.19715 0.0136903
171 2 1.12292 0.0182055
172 2 -0.675445 0.910618
173 2 -0.917923 0.99403
174 2 -1.23257 0.95306
175 2 -0.403585 0.728923
176 2 1.11116 0.0190292
177 2 -1.35523 0.893894
178 2 -1.05658 0.997159
179 2 -0.943619 0.997178
180 2 0.90831 0.0392808
181 2 0.173873 0.293796
182 2 -1.32533 0.910208
183 2 -0.991932 0.999942
184 2 -1.03238 0.999069
185 2 -0.799531 0.964908
186 2 -1.02259 0.999547
187 2 -0.943404 0.997157
188 2 -1.20636 0.962856
189 2 -1.03551 0.99888
190 2 -1.28852 0.928679
191 2 -1.21092 0.961228
192 2 -0.79333 0.962745
193 2 -0.897402 0.990687
194 2 1.20122 0.0134738
195 2 -0.895768 0.990389
196 2 0.402843 0.173895
197 2 0.790327 0.0578947
198 2 -1.21096 0.961212
199 2 -1.27951 0.932911
200 2 -1.15358 0.979251
201 2 -0.846601 0.979301
202 2 1.01069 0.0274978
203 2 -1.03894 0.998653
204 2 1.09602 0.0201375
205 2 0.543302 0.120376
206 2 -0.769921 0.954035
207 2 -0.880212 0.987326
208 2 -0.798104 0.964416
209 2 1.19167 0.0139857
210 2 -1.16517 0.976041
211 2 1.18641 0.014275
212 2 -1.25156 0.9453
213 2 -1.32739 0.909122
214 2 1.14922 0.0164749
215 2 0.728871 0.0701664
216 2 -1.24009 0.950051
217 2 -1.00416 0.999985
218 2 -1.02133 0.999596
219 2 -1.17559 0.972967
220 2 -1.19851 0.965578
221 2 -0.991196 0.999931
222 2 -1.10897 0.989501
223 2 -1.26519 0.939401
224 2 1.12012 0.0183989
225 2 -1.05516 0.997299
226 2 -0.857425 0.982093
227 2 0.450715 0.154011
228 2 -1.24142 0.949511
229 2 1.0912 0.0205021
230 2 -1.04839 0.997921
231 2 -1.18548 0.969882
232 2 -1.03626 0.998832
233 2 -0.549321 0.834816
234 2 -0.284605 0.634496
235 2 -1.13228 0.984566
236 2 -0.406757 0.731372
237 2 -1.19156 0.967909
238 2 0.849989 0.0477304
239 2 -1.12411 0.986402
240 2 -0.981394 0.999692
241 2 -1.13098 0.984866
242 2 1.11924 0.0184598
243 2 -1.07391 0.995156
244 2 -1.29139 0.927303
245 2 -0.846598 0.9793
246 2 -1.1976 0.965889
247 2 -0.882626 0.987829
248 2 -0.956836 0.998345
249 2 -0.545649 0.832354
250 2 0.748808 0.0659727
251 2 -1.10079 0.99101
252 2 -1.24438 0.948299
253 2 -1.02929 0.999238
254 2 -1.23504 0.952081
255 2 -1.05035 0.997749
256 2 -1.19798 0.965757
257 2 -0.951672 0.997926
258 2 0.73398 0.0690717
259 2 0.782183 0.0594115
260 2 -1.32365 0.911093
261 2 1.07606 0.0216847
262 2 -0.728287 0.936482
263 2 -1.01126 0.999887
264 2 -0.956324 0.998306
265 2 -0.808237 0.967841
266 2 -0.119645 0.502122
267 2 -0.605402 0.870744
268 2 -1.03022 0.999188
269 2 1.16381 0.0155786
270 2 0.980148 0.0306439
271 2 1.08629 0.0208795
272 2 -0.687617 0.916915
273 2 -0.947903 0.99759
274 2 -1.13329 0.984332
275 2 -0.636925 0.889428
276 2 -0.709749 0.92785
277 2 -1.25363 0.944425
278 2 0.719122 0.0722948
279 2 0.225091 0.263399
280 2 -0.0780921 0.469785
281 2 -1.01636 0.999762
282 2 -0.885222 0.988358
283 2 1.11641 0.0186579
284 2 -0.765142 0.952153
285 2 -0.17327 0.544689
286 2 -0.756562 0.948686
287 2 -1.11503 0.988307
288 2 -0.976568 0.999512
289 2 0.445536 0.156078
290 2 -1.05794 0.99702
291 2 -0.334165 0.674303
292 2 -1.01945 0.999664
293 2 -1.23282 0.952962
294 2 -0.868098 0.984654
295 2 -1.24849 0.946593
296 2 -0.837981 0.976937
297 2 -0.727339 0.936052
298 2 -1.1466 0.981078
299 2 -0.864738 0.983869
300 2 -0.913087 0.993308
301 2 -1.17874 0.972
302 2 -0.963847 0.998839
303 2 1.08482 0.0209937
304 2 -0.57347 0.850685
305 2 -1.21361 0.960253
306 2 -1.15428 0.979065
307 2 -1.0823 0.993997
308 2 -0.77372 0.955507
309 2 -1.05353 0.997456
310 2 -0.911001 0.992984
311 2 -1.21387 0.960157
312 2 -0.901715 0.99145
313 2 0.697843 0.0771215
314 2 -0.710002 0.927971
315 2 -1.26397 0.939942
316 2 -0.754506 0.947839
317 2 -0.364066 0.698041
318 2 -0.517362 0.812973
319 2 -1.18472 0.970126
320 2 -0.901974 0.991495
321 2 -0.883377 0.987983
322 2 -1.32953 0.907988
323 2 -0.848697 0.979857
324 2 -0.856355 0.981826
325 2 0.161689 0.301323
326 2 -0.94597 0.997408
327 2 -0.716405 0.931006
328 2 -1.26406 0.939902
329 2 0.911942 0.0387993
330 2 -0.985967 0.999825
331 2 -0.953951 0.998117
332 2 0.94418 0.0347403
333 2 -1.21176 0.960925
334 2 1.06169 0.022862
335 2 1.19695 0.0137009
336 2 0.896233 0.0409183
337 2 -1.22568 0.955739
338 2 -1.18197 0.970996
339 2 -1.06088 0.996711
340 2 0.840197 0.0492884
341 2 -0.521024 0.815522
342 2 -1.27194 0.936379
343 2 1.09216 0.0204294
344 2 -1.21023 0.961476
345 2 -0.765786 0.952408
346 2 -1.34663 0.898701
347 2 0.911281 0.0388865
348 2 0.793215 0.0573645
349 2 0.126733 0.323528
350 2 -0.50659 0.805411
351 2 -1.16531 0.976003
352 2 -0.960628 0.998623
353 2 1.20419 0.013318
354 2 -1.035 0.998912
355 2 -1.29181 0.927104
356 2 -0.650436 0.897073
357 2 0.144623 0.312051
358 2 -0.0663419 0.460768
359 2 -0.315813 0.659615
360 2 0.156994 0.304252
361 2 -1.08126 0.994147
362 2 -1.07252 0.995336
363 2 -0.778003 0.957139
364 2 -0.640173 0.891287
365 2 -0.54978 0.835123
366 2 -1.02508 0.999441
367 2 1.06387 0.02268
368 2 -1.15659 0.97844
369 2 -0.836302 0.976462
370 2 0.372253 0.187524
371 2 -0.913384 0.993354
372 2 0.999101 0.028657
373 2 -1.18822 0.969
374 2 -1.24225 0.949172
375 2 -0.716538 0.931068
376 2 1.06245 0.0227983
377 2 0.338318 0.203501
378 2 -0.868088 0.984652
379 2 -0.916333 0.993797
380 2 0.398937 0.175595
381 2 -0.53001 0.821727
382 2 -1.0302 0.99919
383 2 1.09769 0.0200125
384 2 -0.931863 0.995882
385 2 -0.988343 0.999879
386 2 -1.12388 0.986452
387 2 -0.629895 0.885362
388 2 -0.783 0.959007
389 2 -0.960032 0.998581
390 2 -0.649291 0.896434
391 2 0.992527 0.0293332
392 2 1.10574 0.0194196
393 2 -1.32263 0.911627
394 2 -0.532258 0.823268
395 2 -1.23528 0.951986
396 2 -0.792553 0.96247
397 2 -1.09414 0.992154
398 2 1.1649 0.0155135
399 2 -0.344845 0.682811
400 2 -0.783875 0.95933
401 2 -0.740882 0.942064
402 2 -0.317112 0.660656
403 2 0.293897 0.22579
404 2 -1.17432 0.973351
405 2 -1.30884 0.918708
406 2 -1.14689 0.981003
407 2 -0.824767 0.973074
408 2 -0.640236 0.891322
409 2 -0.672366 0.908994
410 2 1.1264 0.0179678
411 2 0.0718212 0.360178
412 2 -1.18913 0.968706
413 2 -1.21883 0.958326
414 2 -0.950153 0.997794
415 2 -0.321225 0.663954
416 2 -1.11121 0.989066
417 2 -1.21317 0.960413
418 2 0.695035 0.0777774
419 2 -0.915716 0.993705
420 2 0.568287 0.112338
421 2 -1.27622 0.934427
422 2 -0.90914 0.992689
423 2 -1.01278 0.999855
424 2 -1.35628 0.8933
425 2 -1.06298 0.99648
426 2 -1.16416 0.976331
427 2 1.12432 0.0181097
428 2 -1.1532 0.979353
429 2 0.3775 0.185135
430 2 -0.920981 0.994465
431 2 -1.25482 0.943915
432 2 -0.679391 0.912681
433 2 -0.82938 0.974455
434 2 -0.530462 0.822037
435 2 0.889811 0.0418123
436 2 -1.26069 0.94138
437 2 -1.10518 0.990214
438 2 -0.888794 0.989067
439 2 -1.01255 0.99986
440 2 1.13322 0.0175096
441 2 -1.21047 0.96139
442 2 -0.611286 0.874319
443 2 -1.20603 0.962972
444 2 -0.967002 0.999033
445 2 -0.589835 0.861102
446 2 -1.14903 0.98045
447 2 -1.09373 0.992222
448 2 1.13697 0.0172621
449 2 1.07575 0.0217096
450 2 -0.487254 0.791602
451 2 -0.966798 0.999021
452 2 -1.23728 0.951184
453 2 1.10645 0.019368
454 2 0.910283 0.0390187
455 2 -1.00307 0.999992
456 2 0.797054 0.056666
457 2 -0.970552 0.999229
458 2 -0.842878 0.978295
459 2 -0.917195 0.993924
460 2 -0.699273 0.922758
461 2 1.05652 0.0232983
462 2 1.13761 0.0172201
463 2 -1.0922 0.992473
464 2 0.878963 0.0433597
465 2 -1.16892 0.974956
466 2 0.858298 0.046441
467 2 -0.817606 0.970862
468 2 0.92672 0.0368913
469 2 -0.533118 0.823856
470 2 0.0133504 0.401406
471 2 -1.12012 0.987256
472 2 -0.690416 0.918335
473 2 -0.532402 0.823367
474 2 -0.854738 0.981418
475 2 -1.01798 0.999713
476 2 1.17585 0.014872
477 2 0.244201 0.252579
478 2 -1.14699 0.980978
479 2 1.09138 0.0204889
480 2 -1.12362 0.986507
481 2 1.11984 0.0184179
482 2 0.628299 0.0947265
483 2 -1.27348 0.935682
484 2 -1.30256 0.921853
485 2 1.15257 0.0162654
486 2 -0.854096 0.981255
487 2 -0.799302 0.964829
488 2 0.690204 0.0789163
489 2 -1.04164 0.99846
490 2 -0.207853 0.572481
491 2 -1.06792 0.995908
492 2 -0.766624 0.95274
493 2 0.693708 0.0780888
494 2 -1.02016 0.999639
495 2 -1.1211 0.987049
496 2 0.464087 0.148766
497 2 -0.666824 0.90604
498 2 -0.933191 0.99604
499 2 -0.923452 0.994805
500 2 -1.2553 0.943712
501 2 -0.255609 0.611067
502 2 -1.1964 0.966293
503 2 -0.974832 0.999437
504 2 -0.528262 0.820525
505 2 -1.20227 0.964287
506 2 -0.975541 0.999468
507 2 -0.47607 0.783486
508 2 -0.818045 0.971
509 2 -1.08055 0.994249
510 2 -1.02608 0.999396
511 2 1.14337 0.0168468
512 2 -1.21681 0.959079
513 2 -1.0995 0.991239
514 2 -1.08375 0.993784
515 2 0.80408 0.0554058
516 2 -1.20676 0.962713
517 2 0.518762 0.12869
518 2 -0.723893 0.93448
519 2 -0.827209 0.97381
520 2 -1.17978 0.971679
521 2 -1.05928 0.996881
522 2 0.181681 0.289032
523 2 0.959264 0.0329689
524 2 1.00654 0.027908
525 2 -1.02958 0.999222
526 2 -0.171422 0.54321
527 2 -0.805149 0.966815
528 2 -1.18871 0.96884
529 2 -0.981381 0.999692
530 2 -0.442467 0.758582
531 2 0.43313 0.161112
532 2 -1.30762 0.919323
533 2 0.434357 0.160609
534 2 0.736215 0.0685972
535 2 -1.04339 0.998328
536 2 -0.952452 0.997992
537 2 -0.771851 0.954786
538 2 -0.723706 0.934395
539 2 -0.762015 0.950902
540 2 -0.310241 0.655141
541 2 -0.735142 0.939549
542 2 -1.21756 0.9588
543 2 -1.11502 0.98831
544 2 -1.01145 0.999883
545 2 -0.549491 0.83493
546 2 -0.693616 0.919945
547 2 -0.641221 0.891883
548 2 -0.95238 0.997986
549 2 -0.971986 0.999303
550 2 0.893147 0.0413459
551 2 -0.892277 0.989738
552 2 -0.939677 0.996771
553 2 -1.17108 0.97432
554 2 -0.982029 0.999713
555 2 -1.21034 0.961437
556 2 0.837237 0.0497675
557 2 -0.674126 0.909924
558 2 -0.976421 0.999506
559 2 -0.137268 0.516022
560 2 -1.27873 0.933274
561 2 -1.22753 0.955024
562 2 -1.10188 0.990816
563 2 -0.731392 0.93788
564 2 -0.0189056 0.42503
565 2 -0.711846 0.928851
566 2 -1.03814 0.998708
567 2 -0.725378 0.93516
568 2 -1.27852 0.933368
569 2 -1.24197 0.949289
570 2 1.10295 0.0196236
571 2 -0.934309 0.996172
572 2 -1.18312 0.970632
573 2 -1.28807 0.928889
574 2 -0.151248 0.527114
575 2 -0.537424 0.826792
576 2 -1.25939 0.941944
577 2 0.927045 0.0368503
578 2 -1.19307 0.96741
579 2 0.943996 0.0347624
580 2 -0.848664 0.979848
581 2 1.00944 0.0276203
582 2 -0.65467 0.899422
583 2 -0.987498 0.999861
584 2 -0.987384 0.999859
585 2 0.699739 0.0766811
586 2 0.879093 0.0433409
587 2 -1.29413 0.925985
588 2 -1.13248 0.984521
589 2 -0.118044 0.500865
590 2 1.09613 0.0201295
591 2 -0.764079 0.951729
592 2 -0.79274 0.962536
593 2 -0.997286 0.999993
594 2 -0.489229 0.793026
595 2 -1.3106 0.917821
596 2 -0.448539 0.763136
597 2 -0.390651 0.718888
598 2 -0.611311 0.874335
599 2 -1.30278 0.921743
600 2 -0.684326 0.915232
601 2 -0.914989 0.993597
602 2 -1.27994 0.93271
603 2 -1.06904 0.995772
604 2 1.11666 0.0186403
605 2 -0.943659 0.997182
606 2 -1.12486 0.986239
607 2 -1.28068 0.932368
608 2 -1.06574 0.996165
609 2 1.20422 0.0133164
610 2 0.663071 0.0855636
611 2 -1.03919 0.998636
612 2 -1.2197 0.958002
613 2 -1.19582 0.966489
614 2 0.762749 0.0631634
615 2 -0.952991 0.998038
616 2 -0.539063 0.827906
617 2 -1.03052 0.999172
618 2 -0.48913 0.792954
619 2 -1.19023 0.968346
620 2 -0.311287 0.655981
621 2 0.143721 0.312624
622 2 -0.237554 0.596467
623 2 -0.860863 0.982939
624 2 -0.644147 0.893543
625 2 -0.775412 0.956155
626 2 -1.11324 0.988666
627 2 -1.02475 0.999456
628 2 -0.533669 0.824233
629 2 1.05326 0.0235778
630 2 -1.24713 0.94716
631 2 -1.27187 0.936412
632 2 0.232144 0.259372
633 2 -0.521408 0.815788
634 2 -0.935461 0.996304
635 2 -0.923537 0.994816
636 2 0.66035 0.0862543
637 2 -0.824396 0.972962
638 2 -0.718309 0.931897
639 2 -1.0783 0.994564
640 2 -1.24424 0.948358
641 2 -0.975264 0.999456
642 2 -0.605899 0.871048
643 2 -0.746121 0.944317
644 2 -1.00232 0.999995
645 2 0.89499 0.0410901
646 2 -1.16636 0.975698
647 2 -0.94433 0.997249
648 2 0.854332 0.0470527
649 2 -1.3565 0.893178
650 2 -0.66619 0.905699
651 2 -0.892127 0.98971
652 2 -1.16589 0.975836
653 2 0.908831 0.0392114
654 2 0.734011 0.069065
655 2 -0.579899 0.854811
656 2 -1.07348 0.995212
657 2 -0.75145 0.946568
658 2 -0.494109 0.796531
659 2 -0.975086 0.999448
660 2 -1.06935 0.995734
661 2 1.08827 0.020727
662 2 -0.734511 0.93927
663 2 -0.511287 0.80872
664 2 -1.2747 0.935125
665 2 -0.903618 0.991777
666 2 -1.28017 0.932607
667 2 0.856301 0.0467482
668 2 -1.05261 0.997543
669 2 1.03876 0.0248548
670 2 -1.11325 0.988664
671 2 -0.3668 0.700197
672 2 -0.769794 0.953986
673 2 -0.101993 0.488305
674 2 -0.518576 0.813819
675 2 -0.592735 0.862918
676 2 -1.22073 0.957617
677 2 -0.985729 0.999819
678 2 -1.22241 0.956984
679 2 -0.774689 0.955879
680 2 -1.08885 0.993008
681 2 -0.758069 0.949303
682 2 -0.907173 0.99237
683 2 -0.798617 0.964593
684 2 -0.801352 0.965531
685 2 -0.652401 0.898166
686 2 -1.2665 0.938821
687 2 -1.16255 0.976786
688 2 -0.311483 0.656139
689 2 -1.1013 0.99092
690 2 0.904926 0.039734
691 2 0.200542 0.277716
692 2 -1.19371 0.967197
693 2 -0.941035 0.996914
694 2 -0.90785 0.99248
695 2 -0.699009 0.922628
696 2 -1.04345 0.998323
697 2 1.07075 0.0221135
698 2 1.08326 0.0211154
699 2 -0.964912 0.998906
700 2 1.02288 0.0263213
701 2 -1.10196 0.990801
702 2 0.915748 0.0383001
703 2 -0.90787 0.992483
704 2 -0.797804 0.964312
705 2 -0.988384 0.99988
706 2 -1.10744 0.989792
707 2 -1.13051 0.984975
708 2 -0.654753 0.899468
709 2 -1.16557 0.975927
710 2 -1.03025 0.999187
711 2 -0.666236 0.905724
712 2 -1.06027 0.996776
713 2 1.12896 0.0177949
714 2 0.920911 0.0376316
715 2 0.809505 0.0544488
716 2 0.846672 0.0482535
717 2 -0.937805 0.996567
718 2 -0.843211 0.978386
719 2 -0.645425 0.894264
720 2 -0.718201 0.931847
721 2 -0.765181 0.952168
722 2 -1.22598 0.955621
723 2 -0.972946 0.99935
724 2 -1.0574 0.997076
725 2 -1.14519 0.981436
726 2 1.16096 0.0157507
727 2 -0.806112 0.967137
728 2 0.757154 0.0642789
729 2 0.2803 0.232925
730 2 -0.739438 0.941436
731 2 -1.02035 0.999632
732 2 -0.7324 0.93833
733 2 -0.709788 0.927869
734 2 -0.725028 0.935
735 2 -0.405425 0.730344
736 2 1.11834 0.0185223
737 2 -0.804578 0.966623
738 2 -0.944823 0.997297
739 2 -1.09961 0.99122
740 2 0.965663 0.032241
741 2 -0.881489 0.987593
742 2 0.399628 0.175293
743 2 0.815997 0.0533215
744 2 -1.31452 0.915826
745 2 0.731023 0.0697035
746 2 -1.22671 0.955341
747 2 -1.05112 0.99768
748 2 -1.0964 0.991773
749 2 -0.75807 0.949304
750 2 -0.922168 0.99463
751 2 -0.998274 0.999997
752 2 -0.84472 0.978795
753 2 1.14162 0.0169594
754 2 -0.359993 0.694824
755 2 -0.957354 0.998385
756 2 0.485566 0.14062
757 2 -1.20794 0.962294
758 2 -1.26052 0.941456
759 2 -0.969936 0.999197
760 2 -0.537699 0.826979
761 2 -0.694096 0.920186
762 2 -0.937134 0.996493
763 2 -0.913444 0.993363
764 2 1.0622 0.022819
765 2 -1.1306 0.984953
766 2 -1.2265 0.955424
767 2 0.257291 0.245333
768 2 -1.04654 0.998076
769 2 1.13199 0.0175917
770 2 -0.649189 0.896377
771 2 -1.19008 0.968394
772 2 -1.20569 0.963092
773 2 -1.17926 0.971842
774 2 -0.99708 0.999992
775 2 0.00285838 0.409026
776 2 -0.931864 0.995882
777 2 0.0364543 0.384859
778 2 -1.13648 0.98358
779 2 -0.884575 0.988227
780 2 -0.0221659 0.427449
781 2 0.19967 0.278233
782 2 -0.627818 0.88415
783 2 -0.52071 0.815304
784 2 -0.123297 0.504995
785 2 0.796518 0.0567632
786 2 1.24601 0.0112877
787 2 -0.361268 0.695831
788 2 -1.00657 0.999962
789 2 -0.684315 0.915226
790 2 1.17295 0.0150396
791 2 1.04793 0.0240401
792 2 -1.33871 0.903047
793 2 1.10343 0.0195881
794 2 -0.189347 0.557584
795 2 0.79745 0.0565944
796 2 -0.538585 0.827582
797 2 -0.84587 0.979105
798 2 -0.956194 0.998296
799 2 -0.840774 0.977716
800 2 -1.06133 0.996662
801 2 -0.527059 0.819697
802 2 -0.99793 0.999996
803 2 -1.21553 0.95955
804 2 -0.748152 0.94518
805 2 0.397759 0.17611
806 2 1.1651 0.0155014
807 2 -0.712546 0.929184
808 2 1.04208 0.0245573
809 2 -0.984647 0.999791
810 2 -0.985586 0.999815
811 2 -0.808046 0.967778
812 2 -0.469321 0.778544
813 2 -0.974826 0.999437
814 2 -0.754219 0.94772
815 2 -0.463956 0.774594
816 2 -0.585112 0.858124
817 2 0.69337 0.0781684
818 2 -0.935163 0.99627
819 2 0.899898 0.0404154
820 2 1.22962 0.0120479
821 2 -0.709746 0.927849
822 2 -0.420518 0.741939
823 2 -0.91012 0.992845
824 2 -0.791825 0.962211
825 2 1.04963 0.0238918
826 2 -0.743005 0.942982
827 2 -0.321894 0.66449
828 2 -1.03411 0.998966
829 2 -0.962411 0.998745
830 2 -0.595214 0.864464
831 2 -0.948539 0.997649
832 2 1.06968 0.0222008
833 2 -0.801543 0.965597
834 2 -0.843705 0.97852
835 2 0.745203 0.0667154
836 2 -0.879981 0.987278
837 2 -1.25165 0.945264
838 2 -0.597088 0.865627
839 2 -0.693736 0.920005
840 2 1.1227 0.0182205
841 2 -1.02752 0.999327
842 2 -0.832842 0.975469
843 2 0.737382 0.0683503
844 2 -0.262175 0.616376
845 2 -1.04775 0.997975
846 2 -1.12419 0.986385
847 2 -0.954885 0.998192
848 2 -1.01377 0.999831
849 2 -1.0678 0.995922
850 2 -0.964028 0.99885
851 2 -1.04007 0.998574
852 2 -0.810286 0.968514
853 2 1.03737 0.0249803
854 2 -1.22647 0.955435
855 2 -0.833113 0.975547
856 2 -1.21271 0.960581
857 2 -1.24964 0.946109
858 2 -1.17416 0.973398
859 2 0.895207 0.04106
860 2 -0.758316 0.949404
861 2 -0.792612 0.962491
862 2 -0.639048 0.890644
863 2 -0.696971 0.921619
864 2 -0.766374 0.952641
865 2 -1.3508 0.896386
866 2 -1.0587 0.996942
867 2 -1.11015 0.989273
868 2 1.10434 0.0195217
869 2 1.22649 0.0121985
870 2 -0.946188 0.997429
871 2 1.25738 0.0107855
872 2 -0.778675 0.957392
873 2 -0.976568 0.999512
874 2 -1.18043 0.971477
875 2 -0.934667 0.996213
876 2 -0.683462 0.914788
877 2 0.914853 0.038417
878 2 1.13571 0.0173447
879 2 -0.839349 0.97732
880 2 0.872002 0.0443779
881 2 0.878999 0.0433545
882 2 -0.921644 0.994557
883 2 -0.896723 0.990564
884 2 -1.23256 0.953061
885 2 0.789537 0.0580405
886 2 0.726648 0.0706473
887 2 -1.07752 0.994673
888 2 -0.818755 0.971222
889 2 0.767339 0.0622601
890 2 0.886929 0.0422188
891 2 -1.24821 0.946708
892 2 1.23092 0.0119863
893 2 1.13282 0.017536
894 2 -0.935756 0.996338
895 2 -1.24303 0.948852
896 2 -0.75859 0.949515
897 2 -0.997425 0.999994
898 2 -1.20032 0.96496
899 2 -0.97829 0.999581
900 2 1.01336 0.0272362
901 2 -0.995794 0.999984
902 2 -1.12103 0.987064
903 2 -0.772434 0.955011
904 2 -1.22804 0.954828
905 2 -0.917822 0.994015
906 2 -0.888827 0.989074
907 2 -0.851601 0.980615
908 2 0.87938 0.0432994
909 2 -0.12448 0.505926
910 2 0.740784 0.0676353
911 2 0.733066 0.0692665
912 2 -0.971356 0.999271
913 2 0.58741 0.106471
914 2 1.08795 0.0207515
915 2 -1.02683 0.999361
916 2 -0.87558 0.986334
917 2 -1.16266 0.976757
918 2 1.06987 0.0221858
919 2 1.04495 0.0243029
920 2 -0.987864 0.999869
921 2 0.75787 0.0641353
922 2 -0.461181 0.772543
923 2 -1.22655 0.955403
924 2 -0.525754 0.818797
925 2 -1.06902 0.995774
926 2 -0.777306 0.956875
927 2 -0.798614 0.964592
928 2 -1.01999 0.999645
929 2 -0.989708 0.999906
930 2 -0.859673 0.982649
931 2 -0.974617 0.999427
932 2 -0.809634 0.968301
933 2 0.962972 0.0325454
934 2 0.574064 0.11054
935 2 0.5955 0.104061
936 2 -0.653216 0.898618
937 2 -1.05151 0.997644
938 2 -0.720433 0.932885
939 2 1.18723 0.0142296
940 2 -0.376914 0.70815
941 2 -1.35887 0.891833
942 2 -0.356471 0.692038
943 2 -0.667892 0.906612
944 2 0.661976 0.0858412
945 2 -0.11671 0.499818
946 2 -1.21617 0.959313
947 2 -1.22782 0.954911
948 2 -0.327559 0.669025
949 2 -1.1953 0.966663
950 2 -1.30016 0.923037
951 2 1.06358 0.0227044
952 2 -0.824703 0.973055
953 2 1.10389 0.0195546
954 2 -1.04932 0.99784
955 2 -0.822203 0.972292
956 2 -1.30478 0.920747
957 2 -0.943358 0.997152
958 2 -0.882324 0.987766
959 2 -0.664883 0.904995
960 2 1.07481 0.021785
961 2 -1.27973 0.932808
962 2 -0.447178 0.762117
963 2 -0.898285 0.990846
964 2 -0.874617 0.986123
965 2 -0.893217 0.989916
966 2 -0.222264 0.58411
967 2 -1.04156 0.998466
968 2 -0.0409246 0.44148
969 2 -0.894776 0.990206
970 2 -1.11911 0.987467
971 2 1.10896 0.0191867
972 2 -1.05324 0.997483
973 2 -0.846726 0.979334
974 2 -1.10583 0.990093
975 2 -1.04501 0.9982
976 2 -0.249511 0.606135
977 2 -0.757036 0.94888
978 2 -0.984029 0.999773
979 2 -0.738306 0.940941
980 2 1.0041 0.028152
981 2 -1.30649 0.919891
982 2 -1.0259 0.999404
983 2 -0.980148 0.99965
984 2 0.723485 0.0713358
985 2 -0.923231 0.994775
986 2 0.827267 0.0514104
987 2 -0.983924 0.99977
988 2 -1.16701 0.975512
989 2 -0.488774 0.792698
990 2 -0.975459 0.999465
991 2 -0.989716 0.999906
992 2 -1.17963 0.971725
993 2 1.20405 0.0133253
994 2 -1.15852 0.977911
995 2 1.12647 0.0179629
996 2 1.11501 0.0187564
997 2 -1.13422 0.984113
998 2 -0.582571 0.856513
999 2 -1.0354 0.998887

