sim_gen uniqueInvMuts localAdaptSA localAdaptHA_P1 localAdaptHA_P2 localAdaptLF_P1 localAdaptLF_P2 meanFitP1 sdFitP1 meanPhenoP1 sdPhenoP1 meanFitP2 sdFitP2 meanPhenoP2 sdPhenoP2 
200 14 0.000537082 -0.00246576 0.00353993 0.000530851 0.000543314 0.409956 0.0119097 -0.00168728 0.0163146 0.412965 0.0123623 -0.00242251 0.0168854
400 21 -0.000749409 -0.00247025 0.000971428 -0.000747813 -0.000751004 0.410037 0.0172838 -0.00169054 0.0236722 0.411756 0.017252 -0.000665 0.0236034
600 27 -0.00123695 0.0114944 -0.0139683 -0.001242 -0.0012319 0.417113 0.0212189 0.00787077 0.0288832 0.404387 0.0207935 0.00956472 0.0286805
800 27 -0.000239512 0.0220727 -0.0225517 -0.000286251 -0.000192773 0.422529 0.0246911 0.0151215 0.0333894 0.400263 0.0256975 0.0154508 0.0356416
1000 31 -0.00271997 0.0304903 -0.0359303 -0.00276655 -0.00267339 0.426912 0.0289453 0.0208959 0.0390796 0.393749 0.0278999 0.0246275 0.0390119
1200 35 0.00171562 0.0123354 -0.0089042 0.00172379 0.00170745 0.417775 0.0301329 0.00845605 0.0409899 0.407147 0.0298339 0.00610181 0.0410521
1400 29 0.00096948 0.0161032 -0.0141642 0.000961288 0.000977672 0.419743 0.0323123 0.011041 0.0439037 0.404617 0.0322511 0.00971101 0.0445374
1600 31 -0.0026834 0.0300558 -0.0354226 -0.00270585 -0.00266096 0.426922 0.0358162 0.0206143 0.048432 0.394205 0.0340257 0.0242968 0.0475341
1800 23 0.00079832 0.0554706 -0.0538739 0.000890551 0.000706089 0.439937 0.0368689 0.0380681 0.0492163 0.385173 0.0329559 0.0369643 0.0466428
2000 35 0.000927298 0.0515709 -0.0497163 0.000962846 0.00089175 0.437897 0.035772 0.0353804 0.0478924 0.387218 0.0338194 0.0341024 0.0475076
2200 32 0.0015325 0.0250756 -0.0220106 0.0015836 0.0014814 0.4245 0.038511 0.0172074 0.05216 0.400906 0.0368378 0.0150977 0.0510411
2400 36 -0.00158347 -0.00937404 0.0062071 -0.00155449 -0.00161246 0.407245 0.0387928 -0.00643689 0.0535601 0.415007 0.038657 -0.00426195 0.0528047
2600 27 -0.00101918 -0.0296348 0.0275964 -0.00101393 -0.00102443 0.397236 0.0388702 -0.0203377 0.054117 0.425847 0.0402419 -0.0189421 0.0544503
2800 30 0.000981164 -0.00121231 0.00317464 0.00093665 0.00102568 0.411281 0.0381358 -0.000834715 0.0524028 0.413519 0.0394147 -0.00218503 0.053857
3000 38 0.00131336 -0.00198272 0.00460943 0.00140622 0.00122049 0.41097 0.039945 -0.00136178 0.0548882 0.414173 0.0377894 -0.0031632 0.0517023
3200 35 -0.00222215 0.0114021 -0.0158464 -0.00228387 -0.00216043 0.417725 0.0411914 0.00781963 0.0563336 0.404162 0.0418255 0.0108741 0.0577612
3400 38 -0.00164747 0.042173 -0.045468 -0.00166537 -0.00162956 0.433323 0.0418379 0.0289599 0.0562083 0.389521 0.039436 0.0312248 0.0555648
3600 28 -0.000384502 0.0297732 -0.0305422 -0.000296945 -0.000472059 0.427179 0.0455424 0.0204614 0.0614985 0.396934 0.0420511 0.0209773 0.0587033
3800 30 -0.000969514 0.0554141 -0.0573532 -0.000933645 -0.00100538 0.440309 0.0465633 0.0380947 0.0621998 0.38389 0.0425075 0.0394127 0.0602435
4000 27 0.000188813 0.00548861 -0.00511098 0.000338066 3.95593e-05 0.415041 0.0473915 0.00377671 0.0648457 0.409592 0.0439689 0.00351311 0.0605786
4200 29 0.0035273 -0.00107932 0.00813392 0.00361775 0.00343685 0.411687 0.0459208 -0.000732529 0.0629426 0.416203 0.0438932 -0.00558315 0.0600642
4400 35 -0.00150547 -0.0404045 0.0373935 -0.00158544 -0.00142551 0.392227 0.0444968 -0.0277762 0.0626554 0.431206 0.0486594 -0.0257013 0.0656882
4600 35 -0.000440574 -0.095218 0.0943369 -0.00049407 -0.000387079 0.365879 0.0444683 -0.0655671 0.0650503 0.46071 0.0509949 -0.0649566 0.0670642
4800 24 -0.00369827 -0.0815843 0.0741877 -0.00352899 -0.00386755 0.372383 0.0451954 -0.0561356 0.0650739 0.4501 0.048797 -0.0510415 0.0645881
5000 32 0.00203067 -0.0194252 0.0234865 0.00204797 0.00201337 0.402637 0.0468554 -0.0133512 0.0650298 0.424076 0.047087 -0.0161404 0.0638978
5200 28 0.00552738 -0.0247305 0.0357853 0.00533534 0.00571942 0.399941 0.0451532 -0.017 0.0629588 0.430391 0.0489787 -0.0246177 0.0658875
5400 36 -0.00135672 -0.0175061 0.0147926 -0.00142803 -0.00128542 0.403611 0.0474564 -0.0120259 0.0656891 0.419832 0.0498221 -0.0101724 0.0679245
5600 37 -0.00107777 -0.0261854 0.0240299 -0.00127049 -0.000885049 0.399346 0.0476753 -0.0179958 0.0663175 0.424646 0.0529038 -0.01654 0.0717649
5800 32 -0.000758384 0.0196438 -0.0211606 -0.000808895 -0.000707874 0.422254 0.0494117 0.0135046 0.0672635 0.401902 0.0490323 0.0145667 0.0684067
6000 37 -0.00105172 -0.0612876 0.0591842 -0.00099602 -0.00110742 0.382396 0.0503787 -0.0421816 0.0715388 0.442576 0.0532518 -0.0407466 0.0710495
6200 38 -0.000823526 -0.038156 0.0365089 -0.000842526 -0.000804526 0.393486 0.0477067 -0.0262428 0.067005 0.430838 0.0503309 -0.0251047 0.0679951
6400 29 -0.000950062 -0.0256469 0.0237468 -0.000866583 -0.00103354 0.399844 0.0519908 -0.0176429 0.0724027 0.424457 0.0519142 -0.0163297 0.0706084
6600 36 -0.00179425 -0.0880271 0.0844386 -0.00163627 -0.00195224 0.369527 0.0490064 -0.060644 0.0710713 0.455602 0.0521682 -0.0581318 0.0690133
6800 27 0.000794113 -0.138428 0.140016 0.000664162 0.000924064 0.34571 0.045413 -0.0955069 0.0681172 0.485062 0.0540371 -0.0966219 0.0699801
7000 33 0.00269222 -0.15171 0.157094 0.00244702 0.00293741 0.339711 0.0476842 -0.104771 0.0716978 0.494358 0.0561076 -0.108533 0.0723658
7200 30 -0.00442064 -0.208137 0.199296 -0.0039237 -0.00491759 0.314116 0.0450548 -0.144258 0.0709198 0.517335 0.0551769 -0.138029 0.0701877
7400 24 -0.00209865 -0.218771 0.214574 -0.00190944 -0.00228785 0.309459 0.045851 -0.151793 0.0727486 0.525943 0.058355 -0.14887 0.0740577
7600 28 0.00501422 -0.216126 0.226155 0.00436526 0.00566318 0.310533 0.0441624 -0.149874 0.0701105 0.532322 0.0568095 -0.156978 0.0719113
7800 24 0.00162398 -0.239196 0.242444 0.0013607 0.00188726 0.300398 0.0438917 -0.166206 0.0709858 0.54148 0.0575082 -0.168543 0.0725698
8000 25 0.0028446 -0.24592 0.251609 0.00254506 0.00314413 0.297514 0.044585 -0.171015 0.0724365 0.546579 0.0559632 -0.174996 0.0705169
8200 24 -0.00333249 -0.27704 0.270375 -0.00295727 -0.00370772 0.284083 0.043819 -0.193219 0.0727141 0.557415 0.0604034 -0.188586 0.075846
8400 26 -0.00220717 -0.26798 0.263566 -0.00177019 -0.00264416 0.288066 0.0454587 -0.186851 0.0755696 0.553402 0.0574766 -0.183603 0.0721164
8600 27 0.00018249 -0.276186 0.276551 0.00023136 0.000133619 0.284556 0.0454949 -0.19272 0.0758001 0.560876 0.0587384 -0.19291 0.0737277
8800 30 0.00430667 -0.297149 0.305762 0.00359419 0.00501914 0.275574 0.0435889 -0.207786 0.0745042 0.577742 0.06034 -0.214037 0.0754782
9000 33 -0.000955495 -0.295805 0.293894 -0.000708004 -0.00120299 0.276158 0.0438514 -0.206843 0.0750424 0.57076 0.057556 -0.205346 0.0720254
9200 34 -0.000760557 -0.310884 0.309363 -0.00054924 -0.000971874 0.269914 0.0452027 -0.217833 0.0778013 0.579827 0.0604369 -0.216659 0.0755325
9400 37 -0.00225011 -0.344118 0.339618 -0.0016633 -0.00283691 0.256223 0.0458043 -0.242241 0.08102 0.597504 0.06095 -0.238758 0.0761173
9600 40 0.00298586 -0.328036 0.334007 0.00253635 0.00343537 0.262619 0.0421557 -0.230223 0.0744601 0.59409 0.0579756 -0.234478 0.0723795
9800 53 0.00120633 -0.309662 0.312075 0.000981583 0.00143107 0.270305 0.0432362 -0.216844 0.0746684 0.581399 0.0602931 -0.218614 0.075456
10000 40 0.000900088 -0.318876 0.320676 0.000643782 0.00115639 0.266354 0.0413376 -0.223434 0.0719565 0.586387 0.0600901 -0.224862 0.0750562
10200 33 0.0128616 -0.0177769 0.0435001 0.012512 0.0132112 0.40401 0.0567776 -0.0122552 0.0789984 0.434998 0.0612266 -0.0300106 0.0823231
10400 35 0.0182393 0.00958456 0.0268941 0.0181099 0.0183688 0.417846 0.0607448 0.00661326 0.0831769 0.426631 0.0620493 -0.0185546 0.0842203
10600 28 0.0182507 -0.00269473 0.0391961 0.0180819 0.0184195 0.411689 0.0598939 -0.00189146 0.0830158 0.432803 0.0607378 -0.0269959 0.0822936
10800 33 0.0196346 -0.00919841 0.0484676 0.0191928 0.0200764 0.408566 0.0617738 -0.0063526 0.0856552 0.437841 0.0659984 -0.0334716 0.0887795
11000 27 0.0194597 0.0036436 0.0352758 0.0193731 0.0195463 0.414964 0.0621714 0.0025281 0.0852882 0.430866 0.0617158 -0.0243044 0.0838081
11200 30 0.0137417 0.0200852 0.00739812 0.0139682 0.0135151 0.423337 0.0642126 0.0138699 0.0874557 0.416767 0.0607045 -0.00507605 0.0835581
11400 27 0.02051 0.0111488 0.0298712 0.0206528 0.0203672 0.4187 0.0616787 0.00767417 0.0846344 0.427918 0.0584906 -0.0205861 0.0792492
11600 35 0.0161272 0.0126434 0.019611 0.0160365 0.0162179 0.419722 0.0660235 0.00874088 0.0902948 0.423297 0.0669834 -0.0135337 0.091534
11800 29 0.0240958 -0.00539329 0.0535849 0.0238626 0.024329 0.410873 0.0677624 -0.00374801 0.0939824 0.440595 0.0681467 -0.0370376 0.0913458
12000 36 0.0168023 0.0340122 -0.000407646 0.0172458 0.0163587 0.430746 0.0695376 0.0234878 0.094529 0.413093 0.064147 0.000294661 0.0885678
12200 36 0.0204414 0.0440159 -0.00313313 0.0207112 0.0201716 0.435762 0.0687721 0.0304153 0.0927953 0.411918 0.0667638 0.0021759 0.0923314
12400 36 0.0214503 0.0119739 0.0309267 0.0213142 0.0215864 0.4195 0.0674237 0.00825154 0.0926437 0.429113 0.068735 -0.021378 0.0932563
12600 37 0.0151742 0.0241712 0.00617724 0.0151499 0.0151985 0.425348 0.0635212 0.0166889 0.0862537 0.416375 0.0643859 -0.00427715 0.0883362
12800 29 0.0159339 0.0183004 0.0135673 0.0160263 0.0158414 0.422558 0.0658753 0.012633 0.0899613 0.420099 0.0649057 -0.00939348 0.0885701
13000 35 0.0181995 0.0415361 -0.00513715 0.0183539 0.0180451 0.434427 0.0674945 0.0286656 0.0913833 0.410936 0.0670941 0.0035416 0.0926955
13200 28 0.0127488 -0.0101414 0.0356389 0.0124937 0.0130039 0.408571 0.0686156 -0.00701098 0.0952402 0.431716 0.0715936 -0.0246287 0.0971941
13400 34 0.019769 -0.00275666 0.0422946 0.0196928 0.0198452 0.412492 0.0718005 -0.00195521 0.0997793 0.435094 0.0718738 -0.0292708 0.0969025
13600 36 0.0253355 0.031146 0.019525 0.0253419 0.025329 0.42954 0.0730395 0.0215476 0.0992944 0.423723 0.0734014 -0.0134921 0.100569
13800 33 0.0249768 0.019298 0.0306557 0.0249375 0.0250162 0.423527 0.0723482 0.0133345 0.0990038 0.429245 0.0724664 -0.0212123 0.0984794
14000 38 0.0207461 0.0515468 -0.0100547 0.0211009 0.0203913 0.440286 0.0783656 0.0357588 0.105385 0.40913 0.0752614 0.00698114 0.104702
14200 28 0.0298736 0.00961719 0.0501299 0.0292109 0.0305362 0.41874 0.073257 0.00665294 0.100612 0.439659 0.0792354 -0.0347411 0.106915
14400 28 0.0216532 0.0206305 0.0226759 0.021587 0.0217193 0.424384 0.0749122 0.0142767 0.102409 0.425473 0.0754334 -0.0156622 0.103361
14600 33 0.0267639 0.0161304 0.0373974 0.0266593 0.0268685 0.422382 0.0777524 0.011107 0.107308 0.433121 0.0783627 -0.0258994 0.106482
14800 34 0.0298533 0.0471005 0.012606 0.0300218 0.0296847 0.438375 0.0822207 0.0326427 0.111542 0.420959 0.082369 -0.00876295 0.113068
15000 39 0.0337117 0.0123529 0.0550705 0.0334187 0.0340048 0.421147 0.0858459 0.00857877 0.11823 0.442798 0.0864155 -0.0382146 0.1171
15200 34 0.04168 0.0535123 0.0298477 0.0414223 0.0419376 0.442311 0.0895705 0.0371071 0.122144 0.430736 0.0943971 -0.0207389 0.129764
15400 37 0.0499457 0.0589648 0.0409267 0.0502129 0.0496786 0.44629 0.102073 0.0410901 0.139278 0.437004 0.101519 -0.02859 0.138609
15600 39 0.042057 0.0579037 0.0262103 0.0423357 0.0417782 0.44579 0.101966 0.040222 0.140067 0.429664 0.102608 -0.0183854 0.140948
15800 34 0.0448172 0.0677358 0.0218986 0.0457173 0.0439171 0.451289 0.107717 0.0474523 0.145639 0.427471 0.101079 -0.0151053 0.14068
16000 35 0.0642908 0.0532458 0.0753359 0.0647735 0.0638082 0.445852 0.124519 0.0375535 0.170985 0.456414 0.118467 -0.0529731 0.161277
16200 32 0.0716087 0.0785534 0.0646641 0.0718599 0.0713576 0.459375 0.129295 0.0555359 0.176645 0.45218 0.127725 -0.0454187 0.1761
16400 32 0.0601988 0.0502778 0.0701198 0.0599399 0.0604577 0.445766 0.134075 0.0352076 0.187389 0.455946 0.135881 -0.0496511 0.187034
16600 28 0.118192 0.133031 0.103352 0.118208 0.118175 0.492969 0.16378 0.0948778 0.22694 0.478113 0.167259 -0.0734735 0.234879
16800 22 0.141328 0.144374 0.138283 0.142806 0.139851 0.503035 0.18813 0.104654 0.263803 0.498512 0.179311 -0.0988971 0.252747
17000 27 0.120513 0.132359 0.108666 0.121513 0.119512 0.495292 0.181473 0.0958278 0.253079 0.482445 0.178489 -0.0785305 0.250363
17200 24 0.156213 0.144845 0.167582 0.154002 0.158425 0.508658 0.212789 0.104706 0.309888 0.522238 0.223097 -0.124354 0.319429
17400 26 0.258494 0.233195 0.283793 0.256087 0.260902 0.570432 0.273246 0.177779 0.413935 0.598139 0.273074 -0.219066 0.411462
17600 29 0.314308 0.294395 0.334221 0.315135 0.313481 0.616855 0.316215 0.233581 0.505457 0.635941 0.30469 -0.266858 0.485708
17800 31 0.337056 0.349712 0.3244 0.335168 0.338944 0.657019 0.3468 0.295136 0.575366 0.646251 0.35563 -0.267955 0.597457
18000 28 0.366726 0.38188 0.351571 0.365551 0.3679 0.677582 0.351406 0.324253 0.60469 0.663601 0.364645 -0.305419 0.619596
18200 30 0.402216 0.386033 0.418399 0.400415 0.404017 0.687654 0.376115 0.339226 0.675537 0.705638 0.376627 -0.383286 0.671875
18400 31 0.425979 0.426761 0.425196 0.42861 0.423348 0.708154 0.367786 0.38251 0.661132 0.704741 0.361095 -0.377585 0.642138
18600 32 0.408618 0.41342 0.403817 0.409963 0.407274 0.700522 0.368148 0.368225 0.659523 0.694376 0.365473 -0.351091 0.653883
18800 23 0.399359 0.378915 0.419802 0.40059 0.398127 0.681461 0.371402 0.337005 0.65902 0.700674 0.35898 -0.368199 0.634193
19000 28 0.407261 0.416162 0.398359 0.405005 0.409517 0.702838 0.370989 0.368576 0.678062 0.696192 0.385367 -0.375149 0.700285
19200 27 0.395565 0.379344 0.411787 0.393523 0.397608 0.684506 0.382851 0.338254 0.702693 0.70277 0.381675 -0.385392 0.703634
19400 30 0.420836 0.408433 0.433238 0.42036 0.421312 0.703071 0.387506 0.374864 0.729173 0.71595 0.382822 -0.402245 0.71578
19600 28 0.437732 0.440499 0.434964 0.439776 0.435688 0.716832 0.370895 0.400274 0.679138 0.712021 0.367096 -0.391793 0.664442
19800 32 0.400951 0.398962 0.40294 0.402594 0.399307 0.696118 0.384306 0.367696 0.710719 0.696463 0.376827 -0.359599 0.695777
20000 32 0.418652 0.41273 0.424575 0.419058 0.418246 0.705357 0.390609 0.398503 0.748326 0.710873 0.385635 -0.3899 0.730271
20200 36 0.431797 0.44439 0.419205 0.433587 0.430007 0.721076 0.380852 0.42641 0.715541 0.706693 0.379669 -0.375926 0.708246
20400 37 0.406465 0.429317 0.383613 0.406914 0.406016 0.711733 0.378047 0.398331 0.707958 0.688432 0.388947 -0.351835 0.720354
20600 32 0.419767 0.444151 0.395382 0.42085 0.418683 0.71993 0.379929 0.418678 0.724259 0.694461 0.387491 -0.362277 0.730469
20800 24 0.432902 0.453037 0.412766 0.433066 0.432737 0.726716 0.383619 0.430215 0.744282 0.706416 0.39351 -0.386688 0.759987
21000 38 0.434016 0.445529 0.422502 0.43313 0.434902 0.722786 0.385887 0.432699 0.752226 0.712159 0.39772 -0.401211 0.777669
21200 28 0.430359 0.419069 0.441648 0.429624 0.431093 0.710618 0.396143 0.400012 0.772584 0.722642 0.392354 -0.423314 0.755028
21400 27 0.420258 0.416921 0.423595 0.417427 0.42309 0.706052 0.384549 0.39301 0.731681 0.71222 0.390968 -0.395806 0.746769
21600 26 0.41939 0.431218 0.407563 0.419829 0.418951 0.714345 0.384034 0.407659 0.735014 0.702078 0.391665 -0.380447 0.745183
21800 32 0.40657 0.411919 0.401221 0.405924 0.407216 0.702725 0.385784 0.391349 0.739443 0.698021 0.388501 -0.372519 0.742392
22000 25 0.432452 0.433165 0.431739 0.433203 0.431702 0.71721 0.39419 0.424965 0.776499 0.715747 0.392546 -0.419255 0.772
22200 35 0.437746 0.492246 0.383247 0.436683 0.438809 0.745855 0.372591 0.479355 0.726362 0.692418 0.402951 -0.361738 0.776685
22400 35 0.425877 0.429714 0.422041 0.426066 0.425688 0.713886 0.386916 0.411369 0.737347 0.70986 0.387999 -0.391064 0.746252
22600 36 0.423075 0.404553 0.441597 0.420666 0.425483 0.698719 0.38359 0.369694 0.731357 0.719649 0.383476 -0.423733 0.738233
22800 39 0.438737 0.451736 0.425738 0.43854 0.438934 0.72456 0.379383 0.41619 0.728141 0.711759 0.388231 -0.408917 0.747692
23000 41 0.458339 0.463018 0.45366 0.457155 0.459523 0.731389 0.382528 0.447334 0.738089 0.727894 0.386138 -0.434811 0.746273
23200 36 0.45486 0.450355 0.459366 0.454476 0.455245 0.724481 0.389403 0.453214 0.777082 0.729371 0.387525 -0.443027 0.781118
23400 39 0.416279 0.415654 0.416904 0.417126 0.415432 0.707173 0.395803 0.397998 0.782979 0.706951 0.394901 -0.41399 0.783429
23600 34 0.447885 0.462047 0.433723 0.448541 0.447229 0.732437 0.38762 0.440733 0.76175 0.717619 0.394501 -0.428525 0.780899
23800 39 0.41962 0.397433 0.441806 0.418551 0.420689 0.700049 0.406295 0.383287 0.803582 0.723305 0.397 -0.433674 0.79024
24000 33 0.444563 0.448332 0.440794 0.442976 0.44615 0.723854 0.386968 0.432783 0.762183 0.721672 0.39394 -0.429602 0.7683
24200 30 0.482052 0.471517 0.492587 0.480467 0.483637 0.736167 0.381143 0.449633 0.753832 0.748286 0.380837 -0.480645 0.748856
24400 35 0.424904 0.41372 0.436088 0.425193 0.424614 0.707103 0.401503 0.410213 0.807065 0.717997 0.394992 -0.438362 0.791032
24600 36 0.417562 0.418883 0.416242 0.418783 0.416341 0.709478 0.397414 0.405006 0.78623 0.706937 0.394038 -0.407391 0.785174
24800 35 0.436056 0.436627 0.435485 0.434566 0.437546 0.716399 0.388496 0.423047 0.767916 0.717319 0.392037 -0.421556 0.786597
25000 34 0.443437 0.429897 0.456976 0.443692 0.443181 0.715456 0.397521 0.425347 0.792616 0.72874 0.389307 -0.451105 0.784267
25200 40 0.436354 0.410592 0.462117 0.436115 0.436593 0.706003 0.400651 0.41074 0.786369 0.732004 0.38478 -0.43935 0.756496
25400 40 0.413921 0.43124 0.396603 0.416664 0.411179 0.715682 0.394023 0.427489 0.772289 0.695621 0.393971 -0.38001 0.765863
25600 40 0.438765 0.451693 0.425836 0.442104 0.435426 0.727344 0.392745 0.425437 0.778682 0.711077 0.392901 -0.440425 0.796754
25800 37 0.446156 0.452653 0.43966 0.446965 0.445347 0.724945 0.386649 0.432469 0.774034 0.71764 0.388117 -0.443982 0.778742
26000 41 0.451186 0.483868 0.418504 0.453706 0.448666 0.742401 0.378071 0.463617 0.735914 0.707199 0.392578 -0.418334 0.781593
26200 43 0.393918 0.395227 0.392609 0.396829 0.391007 0.6989 0.403396 0.366027 0.792648 0.69468 0.397156 -0.390207 0.779967
26400 43 0.439743 0.445456 0.43403 0.442734 0.436751 0.72307 0.394233 0.426386 0.804457 0.714366 0.391511 -0.443937 0.79495
26600 35 0.460868 0.440353 0.481384 0.461408 0.460329 0.72061 0.399677 0.436259 0.825189 0.740586 0.387043 -0.496557 0.798013
26800 37 0.402299 0.409947 0.39465 0.400627 0.403971 0.702394 0.396108 0.402341 0.788257 0.696418 0.401499 -0.381572 0.809711
27000 42 0.422769 0.442046 0.403491 0.4253 0.420237 0.720176 0.389152 0.421855 0.769444 0.698368 0.397201 -0.425068 0.808807
27200 37 0.445859 0.452234 0.439484 0.446199 0.445518 0.724478 0.387542 0.453216 0.783126 0.717763 0.390475 -0.444129 0.794449
27400 44 0.444713 0.449704 0.439722 0.445292 0.444134 0.724762 0.39378 0.442572 0.801024 0.719192 0.393995 -0.449286 0.798981
27600 36 0.433352 0.405094 0.461609 0.431973 0.434731 0.702459 0.40382 0.384213 0.818401 0.732096 0.395678 -0.478539 0.811436
27800 40 0.457628 0.475497 0.439759 0.458758 0.456499 0.738285 0.387459 0.47639 0.792058 0.719286 0.395559 -0.442721 0.818878
28000 42 0.419696 0.398398 0.440994 0.41972 0.419671 0.699144 0.407397 0.397072 0.833618 0.720418 0.39669 -0.443137 0.810467
28200 41 0.418285 0.410236 0.426333 0.415901 0.420668 0.700378 0.390751 0.412529 0.791038 0.71081 0.392075 -0.412619 0.793808
28400 46 0.452183 0.450855 0.453511 0.453486 0.450881 0.725702 0.398035 0.455206 0.825946 0.725727 0.393261 -0.469789 0.818215
28600 40 0.463523 0.458408 0.468638 0.465282 0.461764 0.730035 0.398286 0.465034 0.832559 0.733391 0.392188 -0.496919 0.829911
28800 44 0.439853 0.407491 0.472215 0.44025 0.439456 0.702574 0.403506 0.416221 0.836262 0.734539 0.386764 -0.476797 0.807789
29000 37 0.427448 0.428867 0.426028 0.42571 0.429185 0.712094 0.398549 0.45131 0.835361 0.712413 0.401081 -0.424509 0.829913
29200 33 0.424553 0.396467 0.452639 0.423146 0.425959 0.696828 0.406797 0.421609 0.837367 0.72632 0.394745 -0.439585 0.825974
29400 35 0.407615 0.400719 0.414512 0.407661 0.40757 0.697781 0.402038 0.407848 0.830088 0.704632 0.398538 -0.425272 0.812728
29600 28 0.461743 0.469617 0.45387 0.462946 0.46054 0.734162 0.394526 0.483843 0.834756 0.725086 0.395912 -0.482063 0.848934
29800 38 0.467208 0.492789 0.441627 0.468282 0.466133 0.746277 0.383723 0.50522 0.798348 0.719621 0.396546 -0.445168 0.826527
30000 35 0.398769 0.415767 0.381771 0.402892 0.394647 0.708149 0.406493 0.400289 0.839613 0.687029 0.400625 -0.394263 0.82857
30200 32 0.433169 0.4286 0.437739 0.43377 0.432568 0.713086 0.399095 0.423004 0.820986 0.717055 0.396999 -0.468122 0.837455
30400 27 0.433305 0.431227 0.435384 0.435469 0.431142 0.713734 0.401438 0.434129 0.837039 0.713649 0.39077 -0.449739 0.825337
30600 30 0.452574 0.423596 0.481552 0.454159 0.45099 0.710635 0.402896 0.439736 0.842713 0.738028 0.383621 -0.500595 0.809785
30800 27 0.495386 0.527334 0.463439 0.497085 0.493687 0.763656 0.37847 0.552491 0.797744 0.73001 0.389328 -0.476445 0.817102
31000 31 0.428209 0.44245 0.413967 0.428872 0.427545 0.719689 0.391747 0.433277 0.800785 0.704783 0.398651 -0.423593 0.820879
31200 31 0.477393 0.510614 0.444172 0.479071 0.475715 0.755001 0.379258 0.507472 0.786557 0.720102 0.395576 -0.471183 0.843385
31400 28 0.44336 0.462666 0.424055 0.447452 0.439268 0.731186 0.394169 0.455874 0.819749 0.707789 0.395284 -0.455539 0.833471
31600 30 0.415626 0.446804 0.384447 0.415849 0.415403 0.721461 0.391578 0.442643 0.806111 0.69006 0.408582 -0.398415 0.859299
31800 32 0.444836 0.431736 0.457937 0.444554 0.445118 0.712686 0.400147 0.455233 0.855431 0.726069 0.39035 -0.470449 0.830593
32000 35 0.465429 0.48117 0.449687 0.463904 0.466953 0.737059 0.378247 0.498736 0.782073 0.722841 0.391221 -0.458255 0.809698
32200 27 0.47775 0.504252 0.451249 0.477848 0.477652 0.751658 0.380922 0.522088 0.800671 0.725058 0.393438 -0.447316 0.814384
32400 27 0.454412 0.473933 0.434891 0.45395 0.454874 0.735177 0.385051 0.490437 0.801009 0.716119 0.396655 -0.437828 0.809499
32600 29 0.434579 0.460198 0.40896 0.430526 0.438631 0.725708 0.381123 0.461033 0.788539 0.704142 0.406574 -0.417826 0.835242
32800 23 0.418864 0.435633 0.402095 0.419441 0.418288 0.716193 0.395042 0.439095 0.815573 0.698847 0.40116 -0.407323 0.820174
33000 25 0.427652 0.413714 0.441589 0.426254 0.429049 0.703737 0.399275 0.435418 0.832112 0.719072 0.396075 -0.448591 0.825758
33200 26 0.425287 0.421694 0.42888 0.426373 0.424201 0.709702 0.406538 0.442957 0.864873 0.712209 0.402408 -0.441195 0.86513
33400 29 0.449969 0.43897 0.460968 0.449702 0.450236 0.717413 0.393838 0.440691 0.811002 0.728679 0.386699 -0.468594 0.791624
33600 28 0.422246 0.413478 0.431013 0.419849 0.424642 0.703803 0.399233 0.430848 0.837859 0.714967 0.399801 -0.425937 0.823374
33800 30 0.440843 0.471395 0.410291 0.441594 0.440093 0.73376 0.389531 0.508531 0.816792 0.702458 0.398601 -0.394562 0.832387
34000 30 0.457232 0.438993 0.475472 0.456394 0.458071 0.718174 0.39987 0.455668 0.846365 0.737252 0.391586 -0.487553 0.827332
34200 33 0.423527 0.41217 0.434884 0.426168 0.420886 0.7059 0.409326 0.41498 0.856242 0.714616 0.396515 -0.459574 0.836275
34400 31 0.446413 0.466461 0.426366 0.448229 0.444598 0.73349 0.391557 0.468898 0.793066 0.711627 0.397946 -0.438354 0.825982
34600 33 0.448227 0.474852 0.421602 0.448489 0.447965 0.736041 0.387645 0.486038 0.803791 0.709154 0.400722 -0.42453 0.841553
34800 32 0.454947 0.461112 0.448782 0.454085 0.45581 0.727649 0.38883 0.482123 0.824363 0.722346 0.392687 -0.463493 0.814507
35000 26 0.395404 0.403757 0.387051 0.393978 0.39683 0.698359 0.398859 0.407815 0.834346 0.691432 0.407955 -0.389244 0.842596
35200 34 0.414691 0.42065 0.408732 0.415888 0.413494 0.708533 0.406054 0.448302 0.871611 0.701377 0.404659 -0.416685 0.857317
35400 35 0.434794 0.425653 0.443935 0.433282 0.436306 0.71033 0.40166 0.453862 0.855403 0.720983 0.399161 -0.457001 0.838943
35600 29 0.431747 0.401485 0.462008 0.43425 0.429243 0.698077 0.404247 0.419029 0.842599 0.725834 0.381797 -0.472964 0.806648
35800 28 0.426564 0.402075 0.451053 0.426212 0.426917 0.696969 0.400648 0.417006 0.8385 0.721811 0.38784 -0.461809 0.806161
36000 26 0.463602 0.461555 0.46565 0.462985 0.46422 0.728257 0.38872 0.466367 0.821721 0.730921 0.390795 -0.474065 0.825014
36200 26 0.474984 0.459831 0.490137 0.471928 0.478041 0.724774 0.380747 0.481086 0.799029 0.742983 0.380569 -0.478693 0.790748
36400 28 0.446519 0.469197 0.423842 0.444407 0.448632 0.731556 0.387059 0.49309 0.817226 0.710992 0.403212 -0.421922 0.846106
36600 27 0.442304 0.438897 0.445712 0.441009 0.4436 0.715329 0.393087 0.451182 0.832104 0.720031 0.396983 -0.474335 0.849471
36800 26 0.426464 0.413119 0.439808 0.427684 0.425243 0.704919 0.406612 0.434784 0.857589 0.717043 0.397151 -0.44981 0.847871
37000 25 0.442082 0.437024 0.447139 0.441966 0.442197 0.71551 0.396052 0.470486 0.842417 0.720683 0.39306 -0.432698 0.823912
37200 24 0.443345 0.434531 0.452159 0.440766 0.445924 0.714149 0.393978 0.45996 0.832694 0.725543 0.39687 -0.455885 0.822194
37400 25 0.422792 0.405604 0.439981 0.420057 0.425528 0.699361 0.40227 0.428011 0.856054 0.719285 0.404396 -0.454084 0.85302
37600 24 0.451874 0.45008 0.453669 0.450279 0.45347 0.722335 0.395726 0.475149 0.847688 0.725725 0.401273 -0.467391 0.866034
37800 25 0.452471 0.436664 0.468279 0.450947 0.453996 0.712809 0.398238 0.471022 0.884313 0.73014 0.390727 -0.500719 0.844324
38000 25 0.461549 0.467755 0.455342 0.458637 0.46446 0.730448 0.385283 0.492647 0.823555 0.727152 0.399919 -0.46765 0.844802
38200 28 0.456335 0.458902 0.453768 0.454747 0.457923 0.726017 0.391867 0.482527 0.842415 0.725038 0.399445 -0.485848 0.854275
38400 31 0.452521 0.496418 0.408624 0.451097 0.453945 0.745333 0.376038 0.514342 0.785432 0.702861 0.404874 -0.411739 0.837492
38600 31 0.455399 0.467596 0.443202 0.453651 0.457148 0.730875 0.392848 0.518711 0.853492 0.720426 0.398959 -0.4427 0.840937
38800 30 0.435778 0.447081 0.424476 0.433592 0.437965 0.719635 0.391707 0.477491 0.840097 0.710519 0.40336 -0.419769 0.850831
39000 26 0.401189 0.391704 0.410673 0.401898 0.400479 0.69361 0.409493 0.407322 0.867588 0.702385 0.403286 -0.429043 0.842878
39200 33 0.442866 0.427181 0.458552 0.441062 0.44467 0.711401 0.401652 0.450345 0.857249 0.728891 0.395889 -0.462747 0.832692
39400 26 0.427307 0.410425 0.444189 0.425881 0.428732 0.703005 0.403838 0.429305 0.85161 0.721313 0.400876 -0.451061 0.838918
39600 31 0.435415 0.448509 0.422322 0.433976 0.436854 0.722627 0.39388 0.475319 0.820391 0.710972 0.402617 -0.413843 0.829135
39800 35 0.415382 0.403492 0.427272 0.411794 0.418969 0.697394 0.396077 0.41901 0.826006 0.712871 0.40006 -0.42328 0.814213
40000 38 0.453322 0.449025 0.457619 0.452644 0.454001 0.721079 0.3928 0.487827 0.840712 0.726055 0.393984 -0.463382 0.827167
40200 36 0.450027 0.466591 0.433463 0.448426 0.451628 0.729724 0.389372 0.503307 0.836329 0.714761 0.400067 -0.447022 0.844618
40400 28 0.442684 0.449801 0.435567 0.443231 0.442137 0.722026 0.39289 0.481743 0.831279 0.714361 0.39783 -0.459525 0.851115
40600 26 0.436197 0.429926 0.442468 0.435248 0.437146 0.711174 0.398781 0.456872 0.850554 0.718395 0.39635 -0.463543 0.844093
40800 28 0.444943 0.479886 0.410001 0.449171 0.440716 0.739117 0.390337 0.499691 0.827029 0.699947 0.399513 -0.431434 0.849533
41000 26 0.420154 0.418454 0.421854 0.422594 0.417715 0.708299 0.407135 0.408274 0.856297 0.707559 0.397898 -0.452346 0.836375
41200 33 0.444958 0.418661 0.471255 0.442925 0.446991 0.705454 0.395426 0.436195 0.828284 0.733784 0.388345 -0.482568 0.8099
41400 31 0.419813 0.425595 0.414031 0.42023 0.419396 0.711474 0.398697 0.413406 0.820117 0.705275 0.400519 -0.431436 0.829974
41600 36 0.442522 0.406834 0.478209 0.443018 0.442025 0.703879 0.415979 0.421303 0.884879 0.73907 0.394516 -0.511013 0.844812
41800 30 0.434311 0.483045 0.385576 0.435743 0.432878 0.742541 0.391727 0.491539 0.816584 0.692374 0.410591 -0.395808 0.85225
42000 33 0.465797 0.489502 0.442092 0.465707 0.465887 0.743038 0.378737 0.472672 0.784549 0.719423 0.398605 -0.480201 0.837227
42200 29 0.427964 0.423129 0.432799 0.427043 0.428885 0.708186 0.395221 0.430132 0.818142 0.713942 0.394925 -0.449514 0.813282
42400 33 0.459475 0.46627 0.452679 0.457527 0.461422 0.729361 0.383182 0.471162 0.806601 0.724513 0.391846 -0.470248 0.813996
42600 32 0.455549 0.444045 0.467052 0.452295 0.458802 0.71925 0.397072 0.469237 0.843748 0.734006 0.394193 -0.474888 0.824434
42800 35 0.429106 0.42706 0.431151 0.429872 0.428339 0.713517 0.404344 0.434025 0.841795 0.714796 0.403183 -0.466592 0.847489
43000 33 0.468361 0.482441 0.45428 0.470432 0.466289 0.741566 0.391692 0.513172 0.819394 0.725413 0.395158 -0.462762 0.844107
43200 40 0.423476 0.417314 0.429637 0.427081 0.41987 0.706171 0.40169 0.403197 0.838073 0.708727 0.390553 -0.477292 0.833965
43400 38 0.445456 0.432038 0.458873 0.448284 0.442627 0.713388 0.392476 0.411684 0.805521 0.723977 0.382632 -0.492138 0.809082
43600 29 0.443532 0.437331 0.449733 0.447772 0.439292 0.716822 0.400311 0.428507 0.841031 0.718783 0.383071 -0.487854 0.811966
43800 28 0.438733 0.446464 0.431002 0.441041 0.436425 0.72149 0.405216 0.47102 0.884383 0.711452 0.401023 -0.472369 0.882665
44000 29 0.432846 0.413978 0.451714 0.432822 0.43287 0.702175 0.39734 0.407802 0.84066 0.721067 0.388878 -0.479745 0.825638
44200 32 0.43617 0.447433 0.424907 0.43814 0.434199 0.721083 0.393579 0.46285 0.83394 0.707849 0.395481 -0.443362 0.840855
44400 25 0.458539 0.457137 0.459942 0.457925 0.459153 0.724803 0.388498 0.469301 0.824487 0.72682 0.389687 -0.486178 0.823014
44600 32 0.45757 0.459849 0.455291 0.456472 0.458669 0.726617 0.396403 0.499336 0.866811 0.725437 0.398935 -0.475711 0.866429
44800 33 0.428456 0.423436 0.433475 0.429712 0.427199 0.708542 0.401678 0.442593 0.856237 0.712305 0.396431 -0.455589 0.853361
45000 36 0.444062 0.449243 0.438882 0.442525 0.4456 0.719213 0.393549 0.49161 0.869868 0.71557 0.398843 -0.463135 0.8657
45200 25 0.426563 0.418652 0.434474 0.426744 0.426382 0.704972 0.397589 0.421756 0.844645 0.712702 0.397158 -0.460415 0.849697
45400 32 0.43899 0.431929 0.446052 0.438758 0.439223 0.712337 0.40284 0.467354 0.876834 0.719631 0.396727 -0.464434 0.85613
45600 34 0.41968 0.429364 0.409997 0.419843 0.419518 0.712603 0.399011 0.438279 0.84171 0.702757 0.404365 -0.422445 0.854143
45800 27 0.462711 0.445737 0.479685 0.463169 0.462252 0.721916 0.399077 0.460587 0.8446 0.738432 0.387819 -0.499621 0.817145
46000 31 0.446582 0.42981 0.463354 0.446636 0.446528 0.712115 0.400437 0.458033 0.85286 0.728833 0.387805 -0.476801 0.814137
46200 35 0.410691 0.434435 0.386947 0.411633 0.409749 0.715211 0.397215 0.440833 0.832952 0.690525 0.407348 -0.409619 0.862067
46400 36 0.432597 0.395913 0.469282 0.434772 0.430423 0.696022 0.403576 0.383083 0.824797 0.730531 0.38279 -0.496302 0.800752
46600 35 0.444853 0.442768 0.446937 0.443463 0.446243 0.716296 0.397025 0.486934 0.865452 0.71977 0.395479 -0.467077 0.856151
46800 25 0.423771 0.446051 0.401491 0.425342 0.422199 0.721296 0.392701 0.457919 0.814598 0.697444 0.401432 -0.413398 0.838092
47000 26 0.447725 0.473542 0.421908 0.449277 0.446173 0.734255 0.38831 0.491729 0.821452 0.706886 0.398115 -0.437419 0.852137
47200 27 0.405321 0.39135 0.419293 0.405413 0.40523 0.69266 0.408637 0.396841 0.869655 0.706541 0.402314 -0.449869 0.855444
47400 29 0.429621 0.442108 0.417135 0.431839 0.427404 0.719497 0.400973 0.461933 0.853298 0.704793 0.401373 -0.435242 0.862936
47600 26 0.472026 0.457506 0.486546 0.472842 0.471211 0.726242 0.391292 0.476403 0.829262 0.739946 0.384803 -0.517054 0.815934
47800 30 0.465379 0.458637 0.472121 0.466458 0.4643 0.728669 0.399285 0.464029 0.857102 0.734332 0.394565 -0.522074 0.846791
48000 28 0.424712 0.457871 0.391553 0.423681 0.425743 0.724642 0.38967 0.479337 0.831431 0.692513 0.409808 -0.415508 0.874976
48200 23 0.446345 0.457105 0.435584 0.447322 0.445367 0.726383 0.396492 0.465577 0.853347 0.714645 0.398903 -0.470358 0.855795
48400 32 0.456038 0.475505 0.436571 0.458413 0.453663 0.736331 0.392573 0.481643 0.834162 0.71449 0.397559 -0.483264 0.861528
48600 28 0.420032 0.423013 0.41705 0.420667 0.419396 0.708707 0.405657 0.438567 0.874367 0.70509 0.404412 -0.453446 0.876598
48800 24 0.425598 0.440276 0.41092 0.42745 0.423746 0.717537 0.396823 0.446868 0.848773 0.701007 0.402806 -0.435784 0.869701
49000 21 0.438919 0.451142 0.426695 0.441257 0.43658 0.724236 0.398958 0.460325 0.850047 0.709674 0.399612 -0.458432 0.861791
49200 30 0.444553 0.475826 0.41328 0.445878 0.443229 0.733908 0.380281 0.486366 0.795873 0.701311 0.394224 -0.423638 0.821748
49400 23 0.453919 0.426288 0.481551 0.453979 0.453859 0.709173 0.396517 0.444847 0.833787 0.736744 0.3813 -0.504358 0.797414
49600 17 0.454567 0.460147 0.448987 0.453899 0.455235 0.727152 0.391312 0.481942 0.828682 0.722239 0.397133 -0.47837 0.852468
49800 21 0.441386 0.426412 0.45636 0.443558 0.439215 0.710754 0.402879 0.435252 0.853168 0.723557 0.388443 -0.492906 0.826122
50000 32 0.457777 0.465579 0.449975 0.460874 0.45468 0.730108 0.388925 0.473428 0.811933 0.719209 0.38519 -0.475148 0.814103
