"3383643" 3600 42 -0.000657491 13 19875 0.000654088050314465 413.235294117647 0.0000341044823529412 13.1470588235294 25630.8823529412 0.000529539382721544 NA NA NA NA NA 708.417530489228 0.000735630418253292 10.9021331049873 15782.5528367988 0.000421085360901545 NA 0 NA 9848.32951614238 NA 0.000108454021819999
"3383643" 3800 242 -0.000566984 23 19875 0.00115723270440252 447.365853658537 -0.000128203839756098 13.4390243902439 25382.1951219512 0.000523871268990756 NA NA NA NA NA 713.224465231583 0.000966677440713321 11.8343753119626 15525.3880647466 0.000379639151307154 NA 0 NA 9856.80705720464 NA 0.000144232117683602
"3383643" 4000 442 -0.0000120458 20 19875 0.0010062893081761 562.472222222222 0.0000270887777777778 14.5 25608.8333333333 0.000578200087845953 NA NA NA NA NA 824.916705270854 0.000729856387310542 14.5847278244843 14224.0807958094 0.000391183042103972 NA 0 NA 11384.7525375239 NA 0.000187017045741981
"3383643" 4200 642 0.00000104495 16 19875 0.000805031446540881 648.225806451613 0.000045034464516129 16.4516129032258 23810.4516129032 0.000670587079726745 NA NA NA NA NA 866.145396173084 0.000778815788887554 14.4771974950896 12983.8635411773 0.000381457658979799 NA 0 NA 10826.5880717259 NA 0.000289129420746946
"3383643" 4400 842 -0.0000799508 24 19875 0.00120754716981132 521.913043478261 -0.000193697445652174 14.9565217391304 20962.5434782609 0.000657334202142493 NA NA NA NA NA 834.343782757496 0.000906713125069975 17.5118455423612 14087.7528208906 0.000439044815363225 NA 0 NA 6874.79065737023 NA 0.000218289386779268
"3383643" 4600 1042 0.000165215 27 19875 0.00135849056603774 544.434782608696 -0.000145926445652174 18.7608695652174 25484.1304347826 0.000672857526254907 NA NA NA NA NA 891.128464418357 0.000638825781772014 22.8572233004105 13883.301715224 0.00057798851114704 NA 0 NA 11600.8287195586 NA 0.0000948690151078663
"3383643" 4800 1242 -0.000440592 27 19875 0.00135849056603774 823.03125 -0.0002493178684375 22 24421.65625 0.000822903427654026 NA NA NA NA NA 1073.57171385911 0.000635135409738129 28.4412240560503 12644.4625585334 0.000708111715273699 NA 0 NA 11777.1936914666 NA 0.000114791712380327
"3383643" 5000 1442 0.000162593 38 19875 0.00191194968553459 664.212121212121 -0.0000750952372727273 24.3030303030303 24482.9090909091 0.000929043688384115 NA NA NA NA NA 913.08535189679 0.00050287475241526 31.9212750846564 13347.4987178395 0.000822015095589328 NA 0 NA 11135.4103730696 NA 0.000107028592794787
"3383643" 5200 1642 -0.000283387 29 19875 0.00145911949685535 763.733333333333 -0.000236860136666667 29.0333333333333 22404.8 0.00111836086170849 NA NA NA NA NA 973.668389819313 0.000480211613943896 41.1259489636521 13398.200721713 0.0010618464163146 NA 0 NA 9006.59927828701 NA 0.0000565144453938944
"3383643" 5400 1842 -0.000327077 33 19875 0.00166037735849057 687.897435897436 -0.000121501157948718 28.0769230769231 24107.8717948718 0.00111494257910381 NA NA NA NA NA 972.991015127873 0.000544497690224741 39.6128531874671 14009.1603925497 0.00103972206227196 NA 0 NA 10098.7114023221 NA 0.0000752205168318483
"3383643" 5600 2042 -0.000333534 29 19875 0.00145911949685535 677.204545454545 -0.000178957063636364 25.1363636363636 23437.3409090909 0.0010242369796351 NA NA NA NA NA 1012.20449215183 0.000578862746641333 33.4313534144298 13850.3294595072 0.000805764716120856 NA 0 NA 9587.01144958374 NA 0.000218472263514244
"3383643" 5800 2242 -0.000556441 33 19875 0.00166037735849057 708.933333333333 -0.0000272270171111111 22.2 20387.5777777778 0.0009528997074069 NA NA NA NA NA 1062.5810428985 0.000569776047836069 36.8686859000968 13014.6182329523 0.000891808935491166 NA 0 NA 7372.95954482546 NA 0.0000610907719157342
"3383643" 6000 2442 -0.000211138 41 19875 0.00206289308176101 917.838709677419 -0.0000932782193548387 29.9677419354839 20965.1935483871 0.00119702119181921 NA NA NA NA NA 1144.66050561653 0.000452264900438311 52.8529304586275 15078.0942571652 0.00113507523243339 NA 0 NA 5887.09929122194 NA 0.0000619459593858231
"3383643" 6200 2642 -0.0000968397 51 19875 0.00256603773584906 766.425 -0.00008451749175 28 21378.275 0.00115759746002663 NA NA NA NA NA 1156.40603479387 0.000853823833558334 48.4641024962728 14032.4724122073 0.00108987163595789 NA 0 NA 7345.8025877927 NA 0.0000677258240687395
"3383643" 6400 2842 -0.000264242 58 19875 0.00291823899371069 1013.94117647059 -0.00000612184029411765 32.0588235294118 23176.6764705882 0.00117844921974753 NA NA NA NA NA 1272.70813481919 0.00068564618074524 50.528084705721 16139.4326581984 0.00108845394117005 NA 0 NA 7037.24381238985 NA 0.0000899952785774754
"3383643" 6600 3042 -0.000013836 61 19875 0.00306918238993711 1091.44117647059 0.0000610785705882353 31 21842.7647058824 0.00120705785538442 NA NA NA NA NA 1359.32450227881 0.000607885058542889 52.8795085476636 15127.255935059 0.0011480478572045 NA 0 NA 6715.50877082337 NA 0.0000590099981799153
"3383643" 6800 3242 -0.0000800199 84 19875 0.00422641509433962 977.378378378378 -0.000101510035135135 26 23110.1621621622 0.00114435385450719 NA NA NA NA NA 1326.195275368 0.000664041127737328 37.7668284786178 15185.0172273592 0.00106060935625445 NA 0 NA 7925.14493480298 NA 0.0000837444982527368
"3383643" 7000 3442 -0.0000890733 103 19875 0.00518238993710692 1108.11428571429 -0.000183736060285714 25.7714285714286 21451.2285714286 0.00114027727638 NA NA NA NA NA 1424.2949292117 0.000690748114276511 37.5265284316902 14223.1123136744 0.000931946011359404 NA 0 NA 7228.11625775422 NA 0.000208331265020597
"3383643" 7200 3642 -0.000433092 88 19875 0.00442767295597484 946.414634146341 -0.0000942624121951219 26.2926829268293 23767.2195121951 0.00118699147635648 NA NA NA NA NA 1430.28671908135 0.000670346147188875 33.961922724162 15243.3828045355 0.000951950583341676 NA 0 NA 8523.83670765958 NA 0.0002350408930148
"3383643" 7400 3842 -0.0000618541 84 19875 0.00422641509433962 1255.87096774194 -0.00012406161516129 30.0967741935484 25453.4516129032 0.00137235603597007 NA NA NA NA NA 1656.03079162064 0.000710118258039225 35.1182334775063 15073.6844994596 0.000978306199597234 NA 0 NA 10379.7671134437 NA 0.000394049836372837
"3383643" 7600 4042 0.000157541 89 19875 0.00447798742138365 1225.1 -0.000101268543333333 26.1 21832.9 0.00145586928177016 NA NA NA NA NA 1718.76199130613 0.000824465798604579 30.4408414401804 15568.5594849983 0.0011665633417191 NA 0 NA 6264.34051500169 NA 0.000289305940051064
"3383643" 7800 4242 -0.000252737 83 19875 0.00417610062893082 1217.72727272727 -0.0000571815484848485 27.3333333333333 18943.8787878788 0.0016116983820266 NA NA NA NA NA 1737.51914149038 0.000518489644318012 34.9282001635737 14816.6491441165 0.00114182650249224 NA 0 NA 4127.22964376228 NA 0.00046987187953436
"3383643" 8000 4442 -0.0000301517 67 19875 0.00337106918238994 1189.33333333333 -0.00000573094848484849 28.3333333333333 21414.6666666667 0.00143693243461532 NA NA NA NA NA 1806.47214320251 0.0005198098992313 29.7244287862133 15086.0384289305 0.00112297313392837 NA 0 NA 6328.62823773621 NA 0.000313959300686951
"3383643" 8200 4642 0.000178549 83 19875 0.00417610062893082 1386.43333333333 0.0000335774766666667 28.7333333333333 18482.7 0.00163185117962323 NA NA NA NA NA 1936.57519745614 0.000365181383296727 31.6750019278048 11673.5350263039 0.00133330886464797 NA 0 NA 6809.16497369606 NA 0.000298542314975255
"3383643" 8400 4842 -0.000138745 83 19875 0.00417610062893082 1473.06896551724 -0.000195073363793103 31.7931034482759 22091.6551724138 0.00166635126801264 NA NA NA NA NA 2061.33512439727 0.000391744966867978 33.9919941313338 14544.2061937192 0.00140882366414207 NA 0 NA 7547.44897869463 NA 0.000257527603870573
"3383643" 8600 5042 -0.000178061 88 19875 0.00442767295597484 1499.7 -0.000247486466666667 32.6333333333333 22101.2333333333 0.00182610810239526 NA NA NA NA NA 2126.06562571045 0.0006292423201198 34.5557853166525 14920.9865202265 0.00150385527674909 NA 0 NA 7180.24681310681 NA 0.000322252825646172
"3383643" 8800 5242 -0.000164729 88 19875 0.00442767295597484 1515.625 -0.00012925269375 34.25 21062.375 0.00199969202815352 NA NA NA NA NA 2151.38150288779 0.000567292886808296 35.2090530880176 13784.1284179282 0.00144288211500839 NA 0 NA 7278.24658207181 NA 0.000556809913145124
"3383643" 9000 5442 -0.000776756 77 19875 0.00387421383647799 1824.28571428571 -0.000109061446428571 34.8571428571429 20298.2857142857 0.0019993250113532 NA NA NA NA NA 2301.89914920739 0.000560983491113111 34.7048019793123 11305.7128130711 0.00170007456848073 NA 0 NA 8992.57290121461 NA 0.000299250442872469
"3383643" 9200 5642 -0.000162353 64 19875 0.00322012578616352 1650.96875 -0.000063463155 35.09375 20471.25 0.00192367349339159 NA NA NA NA NA 2329.72963244284 0.000501170523673283 35.7422307145429 12843.5911117242 0.00158741182041076 NA 0 NA 7627.65888827578 NA 0.00033626167298083
"3383643" 9400 5842 0.000101628 76 19875 0.00382389937106918 1595.0625 -0.00003104312 42.75 24397.25 0.00220595781806749 NA NA NA NA NA 2339.66989589861 0.000281944011105053 36.1760926223294 15398.9059896286 0.00183513676778606 NA 0 NA 8998.34401037141 NA 0.000370821050281429
"3383643" 9600 6042 -0.000520489 81 19875 0.00407547169811321 1391.25 -0.0001334122275 38.875 24367.325 0.00194157732175684 NA NA NA NA NA 2235.29022666765 0.000560207309123042 36.6970881958131 15595.3494290684 0.00188217075708273 NA 0 NA 8771.97557093162 NA 0.0000594065646741077
"3383643" 9800 6242 -0.000489833 92 19875 0.00462893081761006 1635.63888888889 -0.000003624525 39.7222222222222 24934.5833333333 0.00199286342355661 NA NA NA NA NA 2374.71262806113 0.000478453150293869 35.7871574020714 15069.2226065012 0.00192741366232434 NA 0 NA 9865.36072683217 NA 0.0000654497612322708
"3383643" 10000 6442 -0.000296042 78 19875 0.00392452830188679 1789.14285714286 -0.00000338633714285714 39.9428571428571 23225.9428571429 0.00208444413382906 NA NA NA NA NA 2458.34175510118 0.000382823915003635 39.3714907733284 13262.5361072699 0.00200169334112109 NA 0 NA 9963.40674987293 NA 0.0000827507927079725
"3383643" 10200 6642 -0.000318051 73 19875 0.00367295597484277 1719.07894736842 0.000163775560526316 35.3157894736842 21890 0.0018620641491639 NA NA NA NA NA 2491.31010125715 0.000609088406863974 39.7676394743249 14154.9457501323 0.0020345360220437 NA 0 NA 7735.05424986767 NA 0
"3383643" 10400 6842 -0.00042335 72 19875 0.00362264150943396 1780.62162162162 -0.000104141321621622 38.7567567567568 26065.4594594595 0.0019052198750563 NA NA NA NA NA 2615.12789522968 0.00040462125534913 34.8627510591378 15324.5349768029 0.00204193141554363 NA 0 NA 10740.9244826566 NA 0
"3383643" 10600 7042 -0.000503178 81 19875 0.00407547169811321 2177.58620689655 -0.0000172016782758621 41.9310344827586 23286.6206896552 0.00213828137018004 NA NA NA NA NA 2927.62889819001 0.000461299212237954 42.2686400424059 15167.5470646419 0.00205759183941686 NA 0 NA 8119.07362501324 NA 0.0000806895307631783
"3383643" 10800 7242 -0.000646639 87 19875 0.00437735849056604 1300.64864864865 -0.0000439549864864865 38.3783783783784 23390.4864864865 0.00168610229216797 NA NA NA NA NA 2491.95810130882 0.000576519320024326 40.2536067061432 14443.0529852429 0.00157888543818422 NA 0 NA 8947.43350124356 NA 0.000107216853983747
"3383643" 11000 7442 -0.000363795 78 19875 0.00392452830188679 1588.71875 -0.00003063013125 41.46875 22731.5 0.00185512380728986 NA NA NA NA NA 2691.99340020251 0.000566219183621537 41.993074985933 13251.4184633315 0.00147313446154325 NA 0 NA 9480.08153666851 NA 0.000381989345746607
"3383643" 11200 7642 -0.000534625 84 19875 0.00422641509433962 1440.13513513514 -0.0000100911710810811 39.2162162162162 26755.1621621622 0.00157293685901067 NA NA NA NA NA 2629.23290631995 0.000544020058310752 37.2977025916962 14768.6769973058 0.00131578976336145 NA 0 NA 11986.4851648563 NA 0.000257147095649218
"3383643" 11400 7842 -0.000399178 84 19875 0.00422641509433962 1395.84210526316 0.0000227463026315789 40.8947368421053 24516.7105263158 0.00170679982407028 NA NA NA NA NA 2616.76043297522 0.000549216347146489 39.5705251170235 14621.7587600899 0.00130375140980041 NA 0 NA 9894.95176622593 NA 0.000403048414269868
"3383643" 11600 8042 -0.000320685 78 19875 0.00392452830188679 1607.28571428571 0.0000104993708571429 41.8857142857143 22622.7142857143 0.00179079906724982 NA NA NA NA NA 2756.04855215737 0.000403648456319838 39.8517631380355 14294.1340633789 0.00144907093745087 NA 0 NA 8328.58022233539 NA 0.000341728129798953
"3383643" 11800 8242 -0.000166338 90 19875 0.00452830188679245 1694.8 0.0000677683514285714 44.2285714285714 23894.6857142857 0.00185559959709864 NA NA NA NA NA 2817.12772789842 0.000654180273790375 42.1566307074586 14492.5758778345 0.00140808771448525 NA 0 NA 9402.10983645123 NA 0.000447511882613391
"3383643" 12000 8442 -0.000288359 104 19875 0.00523270440251572 1810.8 0.000000519354571428572 46.8 24864.3428571429 0.00192858682701853 NA NA NA NA NA 2867.40280926629 0.000544898984572335 45.5074654508983 13293.7817594252 0.00147073151987271 NA 0 NA 11570.5610977176 NA 0.000457855307145818
"3383643" 12200 8642 -0.00023069 97 19875 0.00488050314465409 1592.12195121951 0.00010016734097561 46.5853658536585 24736.1951219512 0.00191284591385616 NA NA NA NA NA 2798.93704104899 0.00043619339660402 42.4693863917034 12832.8528516061 0.00141294123820481 NA 0 NA 11903.3422703451 NA 0.000499904675651346
"3383643" 12400 8842 -0.000131866 96 19875 0.00483018867924528 1957.25714285714 -0.0000478988251428571 48.5714285714286 24276.3142857143 0.00192371508493226 NA NA NA NA NA 3014.43143934657 0.000646286076761387 45.6465227812241 13230.6017865256 0.00153886066504832 NA 0 NA 11045.7124991887 NA 0.000384854419883947
"3383643" 12600 9042 0.0000622024 102 19875 0.00513207547169811 1816.97297297297 -0.00000902804864864865 50.8108108108108 24684.5405405405 0.00214078425466406 NA NA NA NA NA 3060.33157686555 0.000527644410207806 48.2054848411337 12722.0651048889 0.00158851344182295 NA 0 NA 11962.4754356516 NA 0.000552270812841112
"3383643" 12800 9242 -0.00037364 95 19875 0.00477987421383648 2702.04166666667 0.000112800845833333 62.6666666666667 26505.7083333333 0.00249226153363569 NA NA NA NA NA 3566.52470571133 0.000515875897574222 54.0633015983129 11640.2217014565 0.00191185821040411 NA 0 NA 14865.4866318769 NA 0.000580403323231574
"3383643" 13000 9442 0.000222212 84 19875 0.00422641509433962 1807.94594594595 0.000112252865432432 50.5135135135135 23479.7027027027 0.00217304945817031 NA NA NA NA NA 3212.12689961328 0.000554130684683815 47.611052417609 12889.9261567251 0.00157838921009404 NA 0 NA 10589.7765459776 NA 0.000594660248076267
"3383643" 13200 9642 0.000166649 91 19875 0.00457861635220126 2060.14705882353 0.000100613598235294 54 25822.0588235294 0.00217179939376918 NA NA NA NA NA 3371.62098531663 0.000445386747049519 46.6612550974867 14252.5284326574 0.00162000187428309 NA 0 NA 11569.530390872 NA 0.000551797519486089
"3383643" 13400 9842 0.0000983877 76 19875 0.00382389937106918 1967.52777777778 -0.000113518560833333 58.1111111111111 26703.9444444444 0.00221835999538574 NA NA NA NA NA 3386.49866791319 0.000390493026916491 45.6187792019144 13994.9780256949 0.0015695451968876 NA 0 NA 12708.9664187496 NA 0.000648814798498139
"3383643" 13600 10042 -0.000138515 85 19875 0.00427672955974843 2459 0.0000486447166666667 59.5333333333333 23435.6666666667 0.00240170334688027 NA NA NA NA NA 3657.33695278503 0.000380800960218174 55.2366278611508 13830.6318935439 0.00186610765267601 NA 0 NA 9605.03477312281 NA 0.00053559569420426
"3383643" 13800 10242 0.0000811112 87 19875 0.00437735849056604 2703.72 0.0000673881476 56.32 23034.8 0.00231132396174858 NA NA NA NA NA 3671.19454356027 0.000300714805367794 45.9897814737144 13540.2545858636 0.00167912566309973 NA 0 NA 9494.54541413641 NA 0.00063219829864885
"3383643" 14000 10442 -0.0000461443 82 19875 0.00412578616352201 2431.10714285714 -0.0000349220589285714 55.5357142857143 25968.5714285714 0.00220491405955114 NA NA NA NA NA 3676.41234477799 0.000631934582444334 43.2558984570053 14411.3080713738 0.0015562900896043 NA 0 NA 11557.2633571977 NA 0.000648623969946842
"3383643" 14200 10642 -0.000128587 97 19875 0.00488050314465409 1623 0.000116451097142857 50.0238095238095 26491.5714285714 0.00191307670091172 NA NA NA NA NA 3262.19901144058 0.000853898865273577 36.9419373659947 14359.1634567512 0.00129772058537515 NA 0 NA 12132.4079718202 NA 0.000615356115536575
"3383643" 14400 10842 -0.0000225015 97 19875 0.00488050314465409 1738 -0.0000640926538461538 50.8974358974359 26067.4615384615 0.00199743960275019 NA NA NA NA NA 3430.49802276732 0.000384457291845101 40.0774216996861 14611.7907091754 0.00128508161016015 NA 0 NA 11455.6708292861 NA 0.000712357992590036
"3383643" 14600 11042 -0.000197944 97 19875 0.00488050314465409 2536.73076923077 -0.000117244923076923 56.9615384615385 23079.0769230769 0.00252582277869541 NA NA NA NA NA 4048.20980244544 0.000546301626778451 45.2057348302012 14614.5790467549 0.00152915113978607 NA 0 NA 8464.49787632206 NA 0.00099667163890934
"3383643" 14800 11242 -0.000261134 92 19875 0.00462893081761006 2153.34375 -0.0000432924890625 57.375 26509.59375 0.00230576462935775 NA NA NA NA NA 3833.12784440756 0.000296408294036276 41.3597513563375 13532.3587049693 0.00157160429869281 NA 0 NA 12977.2350450307 NA 0.000734160330664935
"3383643" 15000 11442 -0.000550723 94 19875 0.00472955974842767 2335.03333333333 0.0000000457930000000009 59.5666666666667 26211.3 0.0023728087600809 NA NA NA NA NA 4003.45293623438 0.000317712527148193 41.0203341782092 13882.7487891044 0.00157488104580285 NA 0 NA 12328.5512108956 NA 0.000797927714278043
"3383643" 15200 11642 -0.000468508 108 19875 0.00543396226415094 2117.05882352941 -0.0000564766323529412 55.2352941176471 24744.5 0.00231637778977256 NA NA NA NA NA 3907.07968088681 0.000423471007932983 42.6167265665045 14445.6978103265 0.00148990903974592 NA 0 NA 10298.8021896735 NA 0.00082646875002664
"3383643" 15400 11842 -0.00050542 112 19875 0.00563522012578616 2188.29411764706 -0.000146262666382353 53.9117647058824 22965.0882352941 0.00247922954952474 NA NA NA NA NA 3977.43114546739 0.000632410276388971 48.182335281253 13770.3984545851 0.00177946204953373 NA 0 NA 9194.68978070904 NA 0.000699767499991005
"3383643" 15600 12042 -0.000308098 104 19875 0.00523270440251572 2856.59259259259 0.0000402003 68.3703703703704 26870 0.00263860278254283 NA NA NA NA NA 4361.5617903123 0.000292386215351632 52.5138429721507 12136.9278237946 0.00181277050342206 NA 0 NA 14733.0721762054 NA 0.000825832279120764
"3383643" 15800 12242 -0.000400312 99 19875 0.0049811320754717 2866.14285714286 -0.0000248706996428571 58.6428571428571 23062.0714285714 0.00237872545312082 NA NA NA NA NA 4371.81371561291 0.000437762984523312 61.1647527921677 13158.4571929392 0.00202288134646043 NA 0 NA 9903.61423563225 NA 0.000355844106660392
"3383643" 16000 12442 0.000013461 93 19875 0.00467924528301887 2333.16666666667 0.0000134427555555556 55.5833333333333 24945.0833333333 0.00225303043915295 NA NA NA NA NA 4079.14689610463 0.000337510245589208 54.30673465208 13275.4634040721 0.00171728422106487 NA 0 NA 11669.6199292612 NA 0.000535746218088079
"3383643" 16200 12642 -0.000181481 95 19875 0.00477987421383648 2281.65789473684 -0.0000308017305263158 53.4210526315789 23163.5 0.00235297269643989 NA NA NA NA NA 4072.12269684734 0.000416491065088041 50.6293535086106 13733.6524555659 0.00148329822012836 NA 0 NA 9429.84754443414 NA 0.000869674476311537
"3383643" 16400 12842 -0.000100929 114 19875 0.00573584905660377 2091.39534883721 0.0000769748006976744 54.2325581395349 24893.0465116279 0.0023438238864263 NA NA NA NA NA 3956.78823060858 0.000419898780080307 52.1147256446237 14735.833403409 0.00168319316771473 NA 0 NA 10157.2131082189 NA 0.000660630718711575
"3383643" 16600 13042 -0.000137065 103 19875 0.00518238993710692 2804.0625 -0.0000588368996875 60.53125 21700.03125 0.00271602391450135 NA NA NA NA NA 4479.62438616554 0.000589611473665562 61.5912563835422 13866.6341556069 0.00178635142830591 NA 0 NA 7833.39709439311 NA 0.000929672486195432
"3383643" 16800 13242 -0.0000492294 109 19875 0.00548427672955975 2623.97222222222 -0.000267259963888889 56.6111111111111 20021.7777777778 0.00247147451076596 NA NA NA NA NA 4350.36631946001 0.000649500488683273 64.6393413057748 13893.0858181041 0.00194577902036478 NA 0 NA 6128.69195967364 NA 0.000525695490401172
"3383643" 17000 13442 0.0000703822 119 19875 0.0059874213836478 1959.52631578947 0.00000615295342105263 50.5526315789474 21989.5526315789 0.00232010927682807 NA NA NA NA NA 4221.61779375941 0.000400312058217015 44.8479095709892 12637.8884925928 0.00135912266270396 NA 0 NA 9351.66413898616 NA 0.000960986614124108
"3383643" 17200 13642 0.0000393598 116 19875 0.00583647798742138 2489.6 -0.0000161153923333333 46.4333333333333 19792.6333333333 0.00220383440725699 NA NA NA NA NA 4711.67605876705 0.000445989004722285 48.02778171113 11325.9259939106 0.00132139641918828 NA 0 NA 8466.70733942272 NA 0.000882437988068713
"3383643" 17400 13842 -0.000031468 120 19875 0.0060377358490566 1947.975 0.0000134139575 45.35 20789.225 0.00226900451336255 NA NA NA NA NA 4258.69294073446 0.000475498667879781 44.7749643874502 13152.2829576982 0.00144328461093729 NA 0 NA 7636.94204230178 NA 0.000825719902425261
"3383643" 17600 14042 0.0000772413 106 19875 0.00533333333333333 2148.10810810811 -0.0000381689897297297 45.3243243243243 21789.1351351351 0.00211816143367256 NA NA NA NA NA 4463.63692509809 0.000563616434088455 52.5769563243855 14646.4140817284 0.00163934264194235 NA 0 NA 7142.72105340669 NA 0.000478818791730207
"3383643" 17800 14242 0.00015457 115 19875 0.00578616352201258 2010.91891891892 -0.0000117919216216216 47.8648648648649 21271.6216216216 0.00232041558567345 NA NA NA NA NA 4418.44354432128 0.000409971451885024 49.1133395333704 14939.4036794411 0.00143552307594296 NA 0 NA 6332.21794218055 NA 0.000884892509730488
"3383643" 18000 14442 -0.0000918102 111 19875 0.00558490566037736 2223.70588235294 0.0000460680591176471 54.5588235294118 23354.9705882353 0.0023050305104053 NA NA NA NA NA 4638.01744171595 0.000460754009289006 52.2361718262242 14478.9197309353 0.00145594974253871 NA 0 NA 8876.05085730004 NA 0.000849080767866585
"3383643" 18200 14642 -0.000286004 111 19875 0.00558490566037736 2015.07894736842 0.0000672931018421053 47.3947368421053 20145.7105263158 0.00215091121460914 NA NA NA NA NA 4502.80838121313 0.000307381862785597 56.6375577203279 14734.1658975907 0.00150421856627504 NA 0 NA 5411.54462872511 NA 0.000646692648334095
"3383643" 18400 14842 -0.00023742 106 19875 0.00533333333333333 1287.72222222222 -0.0000318741147222222 44.6111111111111 21447.9444444444 0.00213991749418804 NA NA NA NA NA 3184.03878844922 0.000463204569861021 32.8618561146748 14840.2638770233 0.000982418282908099 NA 0 NA 6607.68056742115 NA 0.00115749921127994
"3383643" 18600 15042 -0.000314178 109 19875 0.00548427672955975 1452 0.0000038409006060606 51.2121212121212 23136.4848484848 0.00229783620524657 NA NA NA NA NA 3359.64664250573 0.000346934289356477 36.1729850646148 14283.7361646061 0.0010660832930629 NA 0 NA 8852.74868387876 NA 0.00123175291218367
"3383643" 18800 15242 -0.000233828 119 19875 0.0059874213836478 1971.2 0.000091089216 51.84 21775.52 0.00247652891832381 NA NA NA NA NA 3828.03231656509 0.000436001930679165 40.4265589268573 14965.8447058627 0.00146833050935422 NA 0 NA 6809.67529413725 NA 0.00100819840896959
"3383643" 19000 15442 -0.000429035 100 19875 0.0050314465408805 1798.64285714286 0.0000685657810714286 60.5357142857143 27847.4285714286 0.00234056968499597 NA NA NA NA NA 3718.07625700577 0.000397759270202093 34.9989228859204 14119.5088137958 0.00133883697447363 NA 0 NA 13727.9197576328 NA 0.00100173271052234
"3383643" 19200 15642 -0.000424931 98 19875 0.00493081761006289 1581.65625 -0.00004562115 56.71875 25817.46875 0.00230985128780005 NA NA NA NA NA 3599.51713257509 0.000717205144626777 34.1752923153367 13443.5608161806 0.00129440104825661 NA 0 NA 12373.9079338194 NA 0.00101545023954344
"3383643" 19400 15842 -0.000117554 110 19875 0.00553459119496855 1426.94736842105 -0.0000248562105263158 55.5789473684211 26400.5789473684 0.00218726456628382 NA NA NA NA NA 3388.83861113069 0.000375315420433444 35.2294652313038 14100.5828586289 0.00124868247628062 NA 0 NA 12299.9960887396 NA 0.0009385820900032
"3383643" 19600 16042 -0.000249925 109 19875 0.00548427672955975 1404.15384615385 -0.0000274048641025641 51.3846153846154 24534.3333333333 0.00215740001132099 NA NA NA NA NA 3411.65581452191 0.000304625824267103 34.5547737463866 14283.7584272144 0.00126243751289384 NA 0 NA 10250.574906119 NA 0.000894962498427142
"3383643" 19800 16242 -0.000378577 106 19875 0.00533333333333333 1897.93333333333 -0.0000257195466666667 48.7 20133.0333333333 0.0022960622294788 NA NA NA NA NA 3861.90275537254 0.000667505918981663 37.0639242762908 13876.4900324088 0.00146048429653996 NA 0 NA 6256.54330092455 NA 0.000835577932938844
"3383643" 20000 16442 -0.000121299 102 19875 0.00513207547169811 1717.51428571429 0.0000266486331428571 55.7714285714286 22998.8857142857 0.00263492367688506 NA NA NA NA NA 3679.3490022927 0.00036266010884021 33.0374882557997 13708.0132013261 0.00120606658060354 NA 0 NA 9290.8725129596 NA 0.00142885709628153
"3383643" 20200 16642 -0.0000738872 117 19875 0.00588679245283019 1603.575 -0.00004507643075 55.475 23870.925 0.00247675995337673 NA NA NA NA NA 3527.41667576814 0.000326488101569718 31.5529571128302 14133.5101749716 0.0011617557633726 NA 0 NA 9737.4148250284 NA 0.00131500419000413
"3383643" 20400 16842 -0.000244876 114 19875 0.00573584905660377 1975.15151515152 0.0000246015636363636 44.3939393939394 18328.3636363636 0.00245141343193701 NA NA NA NA NA 3883.26737523645 0.000465358615737659 37.6180968700068 13457.0957765276 0.00153663802982886 NA 0 NA 4871.26785983606 NA 0.000914775402108151
"3383643" 20600 17042 -0.000166761 112 19875 0.00563522012578616 2239.46666666667 -0.000161306206 53.3333333333333 21244.4 0.00260206337689512 NA NA NA NA NA 4092.5306540114 0.000466111773714474 38.2913813417259 15239.7312733118 0.00136032046621649 NA 0 NA 6004.66872668817 NA 0.00124174291067863
"3383643" 20800 17242 -0.000136014 120 19875 0.0060377358490566 1938.97142857143 -0.0000857714894285714 57.2571428571429 24671.8857142857 0.00255560468849115 NA NA NA NA NA 3919.83957118981 0.000475823720747956 37.3405180161482 14949.1851002998 0.00145718867486088 NA 0 NA 9722.70061398593 NA 0.00109841601363027
"3383643" 21000 17442 0.000198513 119 19875 0.0059874213836478 2570.75 0.0000257406142857143 63.3571428571429 23116.6785714286 0.00304555224355745 NA NA NA NA NA 4289.69456415066 0.000387608837776104 40.0917598310327 14978.1925726941 0.00172710748275243 NA 0 NA 8138.48599873446 NA 0.00131844476080502
"3383643" 21200 17642 -0.0000109227 125 19875 0.00628930817610063 1704.54761904762 0.0000335628704761905 61.9523809523809 24662.2619047619 0.0026620015164986 NA NA NA NA NA 3731.45580824651 0.000421977505046006 36.8741778781955 14337.3160890402 0.00142657982826904 NA 0 NA 10324.9458157217 NA 0.00123542168822956
"3383643" 21400 17842 -0.000156931 112 19875 0.00563522012578616 1584.86363636364 0.0000112788908181818 55.7727272727273 23724.3181818182 0.00252591396377657 NA NA NA NA NA 3700.52502617461 0.000383601865425073 38.3113703665863 13950.5500946349 0.00148697465612877 NA 0 NA 9773.76808718329 NA 0.0010389393076478
"3383643" 21600 18042 -0.000108705 118 19875 0.00593710691823899 1270.51162790698 0.0000542242697674419 59.3953488372093 24978.5581395349 0.00233704593471698 NA NA NA NA NA 3178.15174929207 0.000399036190614588 39.3096011141854 14091.4877755573 0.00111848772885504 NA 0 NA 10887.0703639775 NA 0.00121855820586194
"3383643" 21800 18242 -0.000341915 132 19875 0.00664150943396226 1493 0.0000464493339473684 59.2368421052632 25594.9473684211 0.00229404026905022 NA NA NA NA NA 3399.68270379553 0.000306434172237756 41.788679580833 12459.9846447942 0.0012507740281109 NA 0 NA 13134.9627236269 NA 0.00104326624093932
"3383643" 22000 18442 -0.000162315 132 19875 0.00664150943396226 1627.45945945946 0.0000142779162162162 55.5675675675676 24347.0540540541 0.00225832250123572 NA NA NA NA NA 3482.96421165933 0.00025343673098862 43.450188939968 12424.6954063849 0.00135925173951853 NA 0 NA 11922.3586476692 NA 0.00089907076171719
"3383643" 22200 18642 -0.000215147 132 19875 0.00664150943396226 1356.29545454545 -0.0000035079059090909 52.8409090909091 23255.0454545455 0.00226934767515132 NA NA NA NA NA 3302.07981380267 0.000418775584767733 44.3180593048667 13031.1805386329 0.00122975745878516 NA 0 NA 10223.8649159126 NA 0.00103959021636617
"3383643" 22400 18842 -0.0000887072 119 19875 0.0059874213836478 1274.73469387755 -0.0000867265842857143 61.0204081632653 24887.1224489796 0.00251481007037316 NA NA NA NA NA 3188.22285121031 0.000301733508369662 42.0513028909918 13387.5685193277 0.00107143560333471 NA 0 NA 11499.5539296519 NA 0.00144337446703846
"3383643" 22600 19042 -0.000233365 121 19875 0.00608805031446541 1337.1 -0.0000762125562 62.42 24417 0.00249081290417955 NA NA NA NA NA 3202.56287197919 0.000398429855051857 47.0961196893748 14030.8184743879 0.00105030755342006 NA 0 NA 10386.1815256121 NA 0.00144050535075949
"3383643" 22800 19242 -0.000270064 131 19875 0.00659119496855346 1735.525 -0.00011469372875 66.925 25755.325 0.0026145766814797 NA NA NA NA NA 3567.03152450253 0.000528536620447075 50.200821067961 15017.1206915982 0.00120286447459052 NA 0 NA 10738.2043084018 NA 0.00141171220688918
"3383643" 23000 19442 -0.000357961 115 19875 0.00578616352201258 1840.58974358974 -0.000119480612051282 69.7948717948718 23939.0769230769 0.0028367272025783 NA NA NA NA NA 3662.0729369691 0.000502748175395297 51.418397018546 14007.593586083 0.00122873540828877 NA 0 NA 9931.48333699389 NA 0.00160799179428952
"3383643" 23200 19642 -0.000272065 126 19875 0.00633962264150943 1773.97674418605 -0.0000446872887906977 64.5813953488372 23156.9302325581 0.00273733353425909 NA NA NA NA NA 3569.74727322319 0.000392833727051685 48.2321926469288 14672.4572671697 0.00110855378348818 NA 0 NA 8484.47296538843 NA 0.0016287797507709
"3383643" 23400 19842 0.00000777111 117 19875 0.00588679245283019 1688.52173913043 -0.000121993413434783 57.6304347826087 20858.347826087 0.0026100378876855 NA NA NA NA NA 3545.12562848471 0.000503717374931892 46.0947616670278 12651.0376266883 0.00112403579204071 NA 0 NA 8207.31019939862 NA 0.00148600209564479
"3383643" 23600 20042 -0.000170247 116 19875 0.00583647798742138 2272.17142857143 -0.000101350271428571 71.5714285714286 25141.7428571429 0.00292691462923816 NA NA NA NA NA 4006.4418017643 0.000312640157647827 47.1931486267967 14266.9583372434 0.00109191911464374 NA 0 NA 10874.7845198995 NA 0.00183499551459442
"3383643" 23800 20242 0.00005413 113 19875 0.00568553459119497 2112.60526315789 0.0000619146242105263 70.2105263157895 25053.8684210526 0.00273129018928373 NA NA NA NA NA 3965.82258628869 0.000555101505148069 46.6158295204286 13601.0973984336 0.00127383891785398 NA 0 NA 11452.771022619 NA 0.00145745127142975
"3383643" 24000 20442 -0.000187442 123 19875 0.00618867924528302 2283.51428571429 -0.000102490206314286 63.0285714285714 21328.2571428571 0.00294418241313923 NA NA NA NA NA 4167.06474046906 0.000431257887385739 48.6472813545966 14548.5615770544 0.001260609399305 NA 0 NA 6779.69556580271 NA 0.00168357301383423
"3383643" 24200 20642 -0.000102385 129 19875 0.00649056603773585 2681.72413793103 -0.000142023552413793 63.8275862068966 20853.275862069 0.00304259215589594 NA NA NA NA NA 4448.8043650317 0.000398446396046163 46.6660391700716 12240.7903599183 0.00123821567159949 NA 0 NA 8612.4855021507 NA 0.00180437648429645
"3383643" 24400 20842 -0.000324693 125 19875 0.00628930817610063 2191.5 -0.000079124075 65.5833333333333 22259.8611111111 0.0029910273340416 NA NA NA NA NA 4193.47496202646 0.0003338662967877 43.359213883227 11745.7003589831 0.00122338080370782 NA 0 NA 10514.160752128 NA 0.00176764653033378
"3383643" 24600 21042 -0.000225407 132 19875 0.00664150943396226 2281.66666666667 -0.0000627229040833333 65.5277777777778 21124.9444444444 0.00312608284321654 NA NA NA NA NA 4249.93346502541 0.000312509948434152 48.8610192929825 12603.6558980649 0.00133595102972728 NA 0 NA 8521.28854637958 NA 0.00179013181348925
"3383643" 24800 21242 -0.000261293 112 19875 0.00563522012578616 2320.19444444444 -0.00010792145 70.8611111111111 22364.8055555556 0.00322061478326744 NA NA NA NA NA 4332.47844488542 0.000386173357632218 47.1709067587686 12513.4567037009 0.00121676938614998 NA 0 NA 9851.34885185466 NA 0.00200384539711745
"3383643" 25000 21442 -0.000308733 117 19875 0.00588679245283019 2993.06896551724 -0.0000266742517241379 81.5172413793103 25549.1379310345 0.00335807481143866 NA NA NA NA NA 4723.45305690532 0.000401838713099794 45.9048866754908 13706.4382883273 0.00129776591304987 NA 0 NA 11842.6996427072 NA 0.00206030889838879
"3383643" 25200 21642 -0.0000902345 126 19875 0.00633962264150943 2587.71428571429 -0.0000322302997142857 77.4 24483.6857142857 0.0032348797446981 NA NA NA NA NA 4488.90779701299 0.000363777496347617 45.0236539139673 13129.9113472466 0.00119331571535969 NA 0 NA 11353.7743670391 NA 0.00204156402933841
"3383643" 25400 21842 -0.000224561 115 19875 0.00578616352201258 2498.23684210526 -0.00000611681842105263 66.3157894736842 21532.8421052632 0.00318753649125918 NA NA NA NA NA 4408.23739019755 0.000335640940642606 49.3257814629171 14614.3462106105 0.00152536116495051 NA 0 NA 6918.49589465269 NA 0.00166217532630868
"3383643" 25600 22042 -0.000171534 130 19875 0.00654088050314465 2385.85714285714 0.0000102166723809524 74.4523809523809 24369.2857142857 0.00324260618789579 NA NA NA NA NA 4293.61899528301 0.000320167346602542 41.8972042730791 12217.9288897669 0.0012698236251028 NA 0 NA 12151.3568245188 NA 0.001972782562793
"3383643" 25800 22242 -0.000233209 126 19875 0.00633962264150943 2756.72972972973 -0.000025949600972973 72.4864864864865 23552.4594594595 0.00319934785920367 NA NA NA NA NA 4570.85446454337 0.000423933078373144 43.436173878476 13109.109887137 0.001372371370167 NA 0 NA 10443.3495723225 NA 0.00182697648903667
"3383643" 26000 22442 -0.000107451 122 19875 0.00613836477987421 2702.94444444444 -0.0000110378122222222 70.3611111111111 22304.7222222222 0.00329366914613946 NA NA NA NA NA 4696.29028638225 0.000281875355780839 42.0517727010597 12173.1924903186 0.0012522255917039 NA 0 NA 10131.5297319036 NA 0.00204144355443556
"3383643" 26200 22642 -0.000178119 125 19875 0.00628930817610063 2999.87878787879 -0.0000672274809090909 79.030303030303 24653.6060606061 0.00336824469097728 NA NA NA NA NA 4917.46601893175 0.000393455734965375 44.3843193372423 12612.207855733 0.0013267255959344 NA 0 NA 12041.3982048731 NA 0.00204151909504288
"3383643" 26400 22842 -0.000155402 113 19875 0.00568553459119497 2790.54054054054 -0.0000743913110810811 64.1891891891892 20438.5135135135 0.00329174314770816 NA NA NA NA NA 4780.85441918884 0.000594802886857999 49.0259782824019 12036.7209396488 0.00162205201256746 NA 0 NA 8401.79257386475 NA 0.0016696911351407
"3383643" 26600 23042 -0.000297892 125 19875 0.00628930817610063 2687.84615384615 -0.0000787203176923077 67.2564102564103 20658.5128205128 0.00334229429818717 NA NA NA NA NA 4778.34644675145 0.00041566253998315 46.8141442575222 12070.4299336323 0.00138382277678706 NA 0 NA 8588.08288688055 NA 0.00195847152140011
"3383643" 26800 23242 -0.0000412565 136 19875 0.00684276729559748 3010.94444444444 -0.0000101404041666667 72.75 22307.25 0.00340462689596945 NA NA NA NA NA 4970.07530810691 0.00042089716236022 45.7454915811384 11972.4163866662 0.00128994611626672 NA 0 NA 10334.8336133338 NA 0.00211468077970274
"3383643" 27000 23442 -0.000226132 135 19875 0.00679245283018868 3726.13333333333 -0.0000919008033333333 73.7 22214.3666666667 0.00352467392433851 NA NA NA NA NA 5308.88456193521 0.000375160926099227 51.4990123775405 11441.5437482745 0.00177251975853561 NA 0 NA 10772.8229183922 NA 0.0017521541658029
"3383643" 27200 23642 -0.000305554 141 19875 0.00709433962264151 3353.35294117647 -0.000128581617647059 75.2647058823529 23798.7058823529 0.00335224037717337 NA NA NA NA NA 5209.52543573761 0.000363487492114336 48.8766591277128 13584.7701568302 0.00166884105382293 NA 0 NA 10213.9357255228 NA 0.00168339932335043
"3383643" 27400 23842 -0.000133478 130 19875 0.00654088050314465 3200.94285714286 0.0000412368885714286 68.3142857142857 20250.2571428571 0.00319246273313729 NA NA NA NA NA 5249.35984300415 0.000320152610054899 51.2047627774257 12783.4404057907 0.00157736959912077 NA 0 NA 7466.8167370664 NA 0.00161509313401652
"3383643" 27600 24042 -0.000299465 121 19875 0.00608805031446541 3371.32352941176 -0.0000540873797058823 84.6470588235294 25105.8235294118 0.00353829014981427 NA NA NA NA NA 5374.52826243123 0.000268402116756644 43.1156881754764 10543.525712624 0.00141434037656796 NA 0 NA 14562.2978167878 NA 0.00212394977324631
"3383643" 27800 24242 -0.000114869 127 19875 0.00638993710691824 2921.24390243902 -0.0000375479990243902 86.0243902439024 26285.9268292683 0.00341666975059103 NA NA NA NA NA 5090.61789363771 0.000291145735518144 51.3222601825358 12596.2776533193 0.00167847875409825 NA 0 NA 13689.649175949 NA 0.00173819099649278
"3383643" 28000 24442 -0.000342625 125 19875 0.00628930817610063 3415.54838709677 0.0000146976774193548 82.4516129032258 22868.9677419355 0.00374144093959689 NA NA NA NA NA 5134.02550856349 0.00032314084382157 53.5349348305555 11541.9993284926 0.00173215149780032 NA 0 NA 11326.9684134428 NA 0.00200928944179657
"3383643" 28200 24642 -0.000237026 128 19875 0.00644025157232704 2733.9 -0.000000138860750000002 78.15 24034.55 0.00346375737450466 NA NA NA NA NA 4792.36197211718 0.000311480708654946 54.7247424470635 13322.9312955193 0.00165416964881926 NA 0 NA 10711.6187044807 NA 0.0018095877256854
"3383643" 28400 24842 -0.000175216 136 19875 0.00684276729559748 3206.68571428571 0.0000663169428571429 78.3428571428571 22269.6857142857 0.0036217919775767 NA NA NA NA NA 5081.59316015934 0.000335572516383822 54.8725490446312 11692.2804316539 0.00170291655229806 NA 0 NA 10577.4052826318 NA 0.00191887542527864
"3383643" 28600 25042 -0.000319656 138 19875 0.00694339622641509 3205.86111111111 0.000008027045 80.0277777777778 23294.4722222222 0.00361277001792557 NA NA NA NA NA 5106.14693511809 0.000305710570307544 53.3262123222241 11163.1231433453 0.00177515821883036 NA 0 NA 12131.3490788769 NA 0.0018376117990952
"3383643" 28800 25242 -0.0000872023 125 19875 0.00628930817610063 3488.55882352941 -0.00000943524411764706 71.8823529411765 20429.5882352941 0.00370248249818767 NA NA NA NA NA 5265.26884513853 0.000367882375683302 57.8072894144624 13856.7581348283 0.00174459926561322 NA 0 NA 6572.83010046582 NA 0.00195788323257445
"3383643" 29000 25442 -0.0000338934 133 19875 0.00669182389937107 4057.68965517241 0.000022597 75 21351.4137931034 0.00348775125682492 NA NA NA NA NA 5595.68259658059 0.00028530858114865 61.8869937870632 12646.1517763797 0.00200216948476483 NA 0 NA 8705.26201672375 NA 0.00148558177206009
"3383643" 29200 25642 -0.000104088 135 19875 0.00679245283018868 3224.7027027027 0.0000224079375675676 69.6216216216216 21730.1891891892 0.00332862910358764 NA NA NA NA NA 5294.26960057793 0.000232442443773793 54.7460558454272 10778.5387327417 0.00200276811996517 NA 0 NA 10951.6504564475 NA 0.00132586098362247
"3383643" 29400 25842 -0.000252737 126 19875 0.00633962264150943 3084.475 0.0000247478375 83.525 26063.775 0.00328219240375418 NA NA NA NA NA 5216.7128218856 0.00025963463714566 56.6713365345779 13302.3600016968 0.00191046907881868 NA 0 NA 12761.4149983032 NA 0.0013717233249355
"3383643" 29600 26042 -0.0000218545 134 19875 0.00674213836477987 3853.59375 0.0000655921 70.8125 20874.21875 0.00339749334331941 NA NA NA NA NA 5708.26999304588 0.000513041051625732 64.4172074286306 13452.9747513434 0.0023172214056731 NA 0 NA 7421.24399865663 NA 0.00108027193764631
"3383643" 29800 26242 -0.000208908 143 19875 0.00719496855345912 3492.66666666667 0.0000125702138888889 77.9166666666667 22074.9444444444 0.0037825769656655 NA NA NA NA NA 5593.39467586545 0.000335093402691986 58.2027858930677 12922.6768521617 0.0020162865514818 NA 0 NA 9152.26759228271 NA 0.0017662904141837
"3383643" 30000 26442 -0.000117677 132 19875 0.00664150943396226 3437.0303030303 0.000119862551515152 72.7878787878788 22780.3333333333 0.00345385859469585 NA NA NA NA NA 5762.24652633875 0.000699717778631163 49.1259590082967 13870.2930679805 0.00168516622858759 NA 0 NA 8910.04026535288 NA 0.00176869236610826
"3383643" 30200 26642 -0.0000366575 135 19875 0.00679245283018868 2601.71111111111 0.000107195333066667 67.3555555555556 21260.4222222222 0.00343112311586945 NA NA NA NA NA 5207.88551412978 0.000626473204025274 46.5682078224831 12875.514454839 0.00163766677146639 NA 0 NA 8384.90776738324 NA 0.00179345634440306
"3383643" 30400 26842 -0.0000918006 132 19875 0.00664150943396226 3483.05714285714 0.000200759105428571 67.9428571428571 21056.6857142857 0.0034447395026217 NA NA NA NA NA 5741.85266751614 0.000684638038335635 48.009155289347 13530.7767347399 0.00174555413524118 NA 0 NA 7525.90897954583 NA 0.00169918536738052
"3383643" 30600 27042 -0.000198761 134 19875 0.00674213836477987 3704.27272727273 0.00000535553363636363 79.4242424242424 22189.3636363636 0.0037509199085305 NA NA NA NA NA 5963.78918595765 0.000419131978533461 48.1955847971512 13465.2477275257 0.00164560548591555 NA 0 NA 8724.11590883792 NA 0.00210531442261496
"3383643" 30800 27242 -0.000237597 124 19875 0.00623899371069182 4300.24137931035 0.0000320269137931034 80.3448275862069 21708.8620689655 0.00409671848484615 NA NA NA NA NA 6276.88556562416 0.000303624426727435 47.7435679004206 12796.1874727373 0.0015232238573801 NA 0 NA 8912.67459622824 NA 0.00257349462746605
"3383643" 31000 27442 -0.000236929 135 19875 0.00679245283018868 3512.61111111111 0.0000261130972222222 81.0277777777778 24260.3888888889 0.00366374356363975 NA NA NA NA NA 5952.34974624201 0.000345424029305729 52.2141120011007 15398.8984193727 0.00138503047168388 NA 0 NA 8861.4904695162 NA 0.00227871309195587
"3383643" 31200 27642 -0.00016047 132 19875 0.00664150943396226 3600.44444444444 -0.0000557868213888889 83.3611111111111 23474.9444444444 0.00371865355069548 NA NA NA NA NA 6014.53267841173 0.000291118775139667 49.3773532692166 13575.8587288391 0.00128930270004065 NA 0 NA 9899.08571560534 NA 0.00242935085065483
"3383643" 31400 27842 -0.000211578 125 19875 0.00628930817610063 3574.38888888889 -0.0000792607819444444 80.1944444444444 21006.4444444444 0.00392329893575302 NA NA NA NA NA 6119.48288794674 0.000268991613342811 46.507645727462 11662.4413946026 0.00120757847026709 NA 0 NA 9344.00304984187 NA 0.00271572046548593
"3383643" 31600 28042 -0.0000980374 136 19875 0.00684276729559748 3531.16216216216 0.0000157443794594595 89.2702702702703 23828.1621621622 0.00393698179658303 NA NA NA NA NA 6143.02899188952 0.000380554821553615 54.2272218686481 15504.1070625272 0.00131955990264706 NA 0 NA 8324.05509963495 NA 0.00261742189393598
"3383643" 31800 28242 -0.000271058 130 19875 0.00654088050314465 3828.28571428571 -0.0000348011314285714 76.2571428571429 19623.9714285714 0.00382807086355629 NA NA NA NA NA 6323.16288396423 0.000343573582826702 52.9907554962866 12515.8105692377 0.00125298367247855 NA 0 NA 7108.16085933373 NA 0.00257508719107774
"3383643" 32000 28442 -0.000354279 130 19875 0.00654088050314465 3583 -0.000122370815405405 86.945945945946 23071.3243243243 0.0040266591576635 NA NA NA NA NA 6297.81447099794 0.000440824679618506 57.2008867190137 14764.108774047 0.00166682055907032 NA 0 NA 8307.21555027731 NA 0.00235983859859318
"3383643" 32200 28642 -0.000270394 119 19875 0.0059874213836478 5022.88888888889 -0.0000754541044444445 98.5185185185185 23877.2222222222 0.00455513236487149 NA NA NA NA NA 7002.58394799505 0.000305417834007366 61.7297898227991 14581.356712052 0.00168203499316898 NA 0 NA 9295.86551017027 NA 0.00287309737170251
"3383643" 32400 28842 -0.000190582 130 19875 0.00654088050314465 3883.77777777778 0.0000120078052777778 86.5833333333333 22364.8055555556 0.00422357412979639 NA NA NA NA NA 6476.36742587391 0.000289146466794691 52.2632758253824 13962.1978127052 0.00131933371237843 NA 0 NA 8402.60774285031 NA 0.00290424041741796
"3383643" 32600 29042 -0.000184818 139 19875 0.0069937106918239 4233.67647058824 -0.0000645427323529412 101.441176470588 25675.9117647059 0.00436217425558855 NA NA NA NA NA 6647.0961384634 0.000263580041843466 57.3945363129103 14227.4452835008 0.00159139947617553 NA 0 NA 11448.4664812051 NA 0.00277077477941302
"3383643" 32800 29242 -0.000262651 140 19875 0.0070440251572327 3633.14634146341 -0.0000423609331463415 81.2439024390244 21904.9756097561 0.00387711360889161 NA NA NA NA NA 6294.04622862343 0.000308812057928669 62.744234989282 13558.4844571357 0.00177332687871338 NA 0 NA 8346.4911526204 NA 0.00210378673017823
"3383643" 33000 29442 -0.000173786 140 19875 0.0070440251572327 4015.65789473684 -0.0000454993355263158 89.8947368421053 23227.4210526316 0.00412771645672011 NA NA NA NA NA 6518.57265207203 0.000344144166039576 64.1155163046353 14539.1937462466 0.00171065690936695 NA 0 NA 8688.22730638498 NA 0.00241705954735316
"3383643" 33200 29642 -0.00030609 138 19875 0.00694339622641509 4351.5 0.00000473813333333333 90.6944444444444 23751.9166666667 0.00414394190842399 NA NA NA NA NA 6686.02918458653 0.00029357631211368 67.6718212908844 13997.8519706724 0.00194546779673409 NA 0 NA 9754.06469599427 NA 0.0021984741116899
"3383643" 33400 29842 -0.000247729 132 19875 0.00664150943396226 4479.8 -0.0000270600088571429 88.4857142857143 21594.9142857143 0.00429261447533675 NA NA NA NA NA 6855.00188698648 0.000305977912675585 64.6721921460436 13426.2688991119 0.00176828145706241 NA 0 NA 8168.64538660235 NA 0.00252433301827435
"3383643" 33600 30042 -0.0000978288 137 19875 0.00689308176100629 4632.44117647059 -0.0000445264929411765 98.2647058823529 22207.2352941176 0.00457888539240323 NA NA NA NA NA 7014.93555637337 0.000293043579397644 64.9933837301825 13058.6862048793 0.00148972041542881 NA 0 NA 9148.54908923837 NA 0.00308916497697441
"3383643" 33800 30242 -0.0000465873 134 19875 0.00674213836477987 4260.97368421053 0.0000573422573684211 92.2631578947368 21346.9210526316 0.00450808544137557 NA NA NA NA NA 6832.56297717969 0.000412709691730103 59.5381704548396 12216.4216271369 0.0014117562413124 NA 0 NA 9130.49942549472 NA 0.00309632920006317
"3383643" 34000 30442 -0.000204146 138 19875 0.00694339622641509 4512.94594594595 0.0000111337567567568 97.1891891891892 22049.7837837838 0.00457556674916971 NA NA NA NA NA 6930.74610760689 0.000345628779558901 59.8037707088022 12961.8970900935 0.00139465864820244 NA 0 NA 9087.88669369029 NA 0.00318090810096727
"3383643" 34200 30642 -0.000371754 124 19875 0.00623899371069182 4411.82051282051 -0.000059944241025641 90.974358974359 21196.1794871795 0.00430655367082303 NA NA NA NA NA 6865.36209368908 0.000363588966930638 63.9339655958796 13230.0703560046 0.00175962742169182 NA 0 NA 7966.1091311749 NA 0.00254692624913121
"3383643" 34400 30842 -0.000251904 125 19875 0.00628930817610063 4134.13953488372 -0.000000112006976744185 87.7674418604651 20939.3255813953 0.00422896397839381 NA NA NA NA NA 6699.14275461668 0.000313929133082653 63.9738924462838 12764.4982605606 0.00221917430183608 NA 0 NA 8174.82732083478 NA 0.00200978967655773
"3383643" 34600 31042 -0.000141332 136 19875 0.00684276729559748 4826.2972972973 0.0000132279675675676 90.5405405405405 21862.5405405405 0.00445148347677938 NA NA NA NA NA 7101.98075995104 0.00029552847776439 68.9801076779042 14503.6761481636 0.00237478421166804 NA 0 NA 7358.8643923769 NA 0.00207669926511134
"3383643" 34800 31242 -0.0000985105 144 19875 0.00724528301886792 3994.14285714286 -0.0000200288064285714 95.9523809523809 25030.8571428571 0.00403887198961308 NA NA NA NA NA 6746.74971274399 0.000328517218596667 60.1611463552529 13301.1935583486 0.0017584480104059 NA 0 NA 11729.6635845085 NA 0.00228042397920718
"3383643" 35000 31442 -0.000195267 138 19875 0.00694339622641509 4170.21951219512 -0.000091395682195122 85 20213.0731707317 0.00404289529975814 NA NA NA NA NA 6869.46538135318 0.000469129677439 62.3674594640506 13659.6001431049 0.00164483909027723 NA 0 NA 6553.47302762678 NA 0.00239805620948091
"3383643" 35200 31642 -0.000445201 137 19875 0.00689308176100629 4633.31578947368 0.0000137313502631579 95.0526315789474 21358.9473684211 0.00447291242522506 NA NA NA NA NA 7078.59982759327 0.000338988703951181 58.7661179125289 12907.7351833977 0.00158816165291634 NA 0 NA 8451.21218502336 NA 0.00288475077230873
"3383643" 35400 31842 -0.000367127 143 19875 0.00719496855345912 3961.54347826087 0.00000950432 102.347826086957 25694.2826086957 0.00417032344089974 NA NA NA NA NA 6698.78599185959 0.000250101711126493 58.0345557563401 14078.5971896872 0.001807032129677 NA 0 NA 11615.6854190084 NA 0.00236329131122274
"3383643" 35600 32042 -0.000398198 142 19875 0.00714465408805031 4533.09756097561 -0.0000120218666341463 106.634146341463 24972.4634146341 0.00422761569059699 NA NA NA NA NA 7015.47382863367 0.000263784078181726 65.3489694247587 14220.573292061 0.0018956597764843 NA 0 NA 10751.8901225732 NA 0.00233195591411269
"3383643" 35800 32242 -0.000302069 143 19875 0.00719496855345912 4955.97368421053 -0.0000615709421052632 99.5263157894737 22784.4473684211 0.00436747507489128 NA NA NA NA NA 7260.98000044459 0.000269189161711741 59.4600646548795 13068.9280970271 0.00162038223397083 NA 0 NA 9715.519271394 NA 0.00274709284092044
"3383643" 36000 32442 -0.000372564 142 19875 0.00714465408805031 4723.87804878049 -0.0000274849195121951 91.7560975609756 20445.3170731707 0.00432285882763272 NA NA NA NA NA 7150.76774617636 0.000374446005091877 65.0006847993946 13828.1258174039 0.0016142210362963 NA 0 NA 6617.19125576687 NA 0.00270863779133642
"3383643" 36200 32642 -0.000134873 147 19875 0.00739622641509434 4862.65853658537 0.00000492372487804878 102.731707317073 23281.0731707317 0.00444065254230528 NA NA NA NA NA 7192.34823826598 0.000342175871747008 64.4119648785239 14511.8102667969 0.00160211700986526 NA 0 NA 8769.2629039348 NA 0.00283853553244002
"3383643" 36400 32842 -0.000269182 146 19875 0.00734591194968553 4825.8 -0.00002040814015 98.525 21520.225 0.00464609643189351 NA NA NA NA NA 7432.35291867201 0.000301589676571851 64.206392963909 13841.3656942301 0.00153138391986953 NA 0 NA 7678.85930576989 NA 0.00311471251202399
"3383643" 36600 33042 -0.000289239 134 19875 0.00674213836477987 4308.0652173913 0.00000285034195652174 99.9782608695652 22764.8913043478 0.00443337003680158 NA NA NA NA NA 7164.59902080957 0.000279842667541022 62.3793018130693 13701.1354975147 0.00146319554648595 NA 0 NA 9063.75580683318 NA 0.00297017449031564
"3383643" 36800 33242 -0.000298505 141 19875 0.00709433962264151 3892.32692307692 -0.0000120813696153846 97.2307692307692 22042.4423076923 0.00440333935777049 NA NA NA NA NA 6929.40858105383 0.00030728922109883 63.5988085301565 13760.3256037819 0.00145212263644867 NA 0 NA 8282.11670391038 NA 0.00295121672132183
"3383643" 37000 33442 -0.000370526 134 19875 0.00674213836477987 4229.51020408163 0.0000372911355102041 102.714285714286 22434.306122449 0.004597772903223 NA NA NA NA NA 7131.39250696772 0.000310512146702702 67.213589895695 14479.6653365505 0.0015324961977949 NA 0 NA 7954.64078589843 NA 0.0030652767054281
"3383643" 37200 33642 -0.000322901 129 19875 0.00649056603773585 4957.11627906977 0.000035344239255814 100.860465116279 22079.7441860465 0.00463420314884406 NA NA NA NA NA 7471.96300531687 0.000273177779600669 71.734491071606 14035.3776970792 0.00175245714659024 NA 0 NA 8044.36648896733 NA 0.00288174600225383
"3383643" 37400 33842 -0.00031416 147 19875 0.00739622641509434 5441.7 0.0000299911275 99.6 20670.975 0.00474578647372456 NA NA NA NA NA 7682.05381258731 0.000337555708822604 70.9224205987764 13576.8797168389 0.00157253853557588 NA 0 NA 7094.09528316105 NA 0.00317324793814869
"3383643" 37600 34042 -0.000221649 139 19875 0.0069937106918239 5627.46153846154 0.0000559080256410256 96.3333333333333 19136.1282051282 0.00491725956443303 NA NA NA NA NA 7825.66806243926 0.000409308007182832 76.9413082308892 14370.602595466 0.00150791213085695 NA 0 NA 4765.52560966217 NA 0.00340934743357608
"3383643" 37800 34242 -0.0002544 132 19875 0.00664150943396226 4855.9347826087 0.0000229328991304348 91.6521739130435 18650.2391304348 0.0046632632961411 NA NA NA NA NA 7546.81228482058 0.000370535634974632 79.9286396707308 14766.7854414859 0.001869934715724 NA 0 NA 3883.45368894891 NA 0.0027933285804171
"3383643" 38000 34442 -0.000197856 141 19875 0.00709433962264151 4719.3125 -0.0000107456522083333 92.1875 19155.2291666667 0.00450944686391815 NA NA NA NA NA 7529.0555118332 0.000327259598893422 80.005227555268 14484.2916207482 0.00191082229660043 NA 0 NA 4670.93754591849 NA 0.00259862456731773
"3383643" 38200 34642 -0.000326577 146 19875 0.00734591194968553 5142.93333333333 -0.0000101724533333333 96.9333333333333 21005.3555555556 0.00470792424135712 NA NA NA NA NA 7737.42611772628 0.000276985802242517 83.7950421618671 14931.6653506377 0.00205055218467973 NA 0 NA 6073.69020491786 NA 0.0026573720566774
"3383643" 38400 34842 -0.000137471 150 19875 0.00754716981132075 6232.97368421053 -0.0000130825886842105 99.3684210526316 20884.5526315789 0.00473722062862128 NA NA NA NA NA 8123.30550309331 0.000444029008898571 91.5285868953584 15552.49809898 0.0022178893540266 NA 0 NA 5332.05453259894 NA 0.00251933127459468
"3383643" 38600 35042 -0.000323083 139 19875 0.0069937106918239 4903.5652173913 0.0000223951046086957 105.217391304348 22805.5 0.004607489492579 NA NA NA NA NA 7702.72000631285 0.000307190527527535 84.4750885155508 15788.7835781538 0.00174857406238758 NA 0 NA 7016.71642184624 NA 0.00285891543019142
"3383643" 38800 35242 -0.000297994 144 19875 0.00724528301886792 4991 -0.00000513664153846153 99.9487179487179 20018.0256410256 0.00486543225386318 NA NA NA NA NA 6610.64783830641 0.000303182854746336 85.7609740462742 13869.6130737348 0.00195802746751462 NA 0 NA 6148.41256729086 NA 0.00290740478634856
"3383643" 39000 35442 -0.000352443 140 19875 0.0070440251572327 5427.43243243243 0.0000696491248108108 104.324324324324 20709.0810810811 0.00494397985145352 NA NA NA NA NA 6710.72523212962 0.000340443742451015 88.4794558873082 15589.0078160121 0.00198337836665821 NA 0 NA 5120.07326506894 NA 0.00296060148479531
"3383643" 39200 35642 -0.000218736 135 19875 0.00679245283018868 4688.68181818182 -0.0000650658822727273 106.568181818182 21406.5681818182 0.00491457047424733 NA NA NA NA NA 6514.49517497542 0.00051394100747532 87.3041722882871 16375.2214079088 0.00175753707238994 NA 0 NA 5031.34677390941 NA 0.00315703340185739
"3383643" 39400 35842 -0.000123934 136 19875 0.00684276729559748 5161.97368421053 0.0000528260768421053 107.789473684211 21073.9473684211 0.0051901840226598 NA NA NA NA NA 6705.03458477826 0.000313737216219087 88.297763399404 15427.5653610713 0.00183719671175389 NA 0 NA 5646.38200734972 NA 0.00335298731090591
"3383643" 39600 36042 -0.000157215 145 19875 0.00729559748427673 4879.025 -0.0000526531105 82.075 17908.05 0.00453169795257529 NA NA NA NA NA 6711.70645306985 0.000297250344994465 95.6206145299063 14419.9412583711 0.00241538057269115 NA 0 NA 3488.10874162894 NA 0.00211631737988414
"3383643" 39800 36242 -0.000300891 145 19875 0.00729559748427673 4697.72972972973 0.0000426914513513514 98.0810810810811 17931.1081081081 0.00503454076994482 NA NA NA NA NA 6316.09236020997 0.000400162591614688 99.421766669516 15218.5332896435 0.00203047305853561 NA 0 NA 2712.57481846459 NA 0.00300406771140921
"3383643" 40000 36442 -0.000293058 152 19875 0.00764779874213836 4137.25581395349 0.0000525371118604651 99.5116279069767 19684.7906976744 0.00497592941223843 NA NA NA NA NA 6143.96175929406 0.00040391033746083 91.2159583189736 13939.7792265057 0.00175625392624988 NA 0 NA 5745.01147116868 NA 0.00321967548598856
"3383643" 40200 36642 -0.000282235 143 19875 0.00719496855345912 4176.02272727273 0.0000261383761363636 105.727272727273 20713.9545454545 0.00503246910241804 NA NA NA NA NA 6149.60480291454 0.000377589217735048 94.4254014987649 15240.0708765894 0.00177417046500163 NA 0 NA 5473.88366886518 NA 0.00325829863741641
"3383643" 40400 36842 -0.000263295 145 19875 0.00729559748427673 4612.60975609756 0.0000143952341463415 103.414634146341 19910.5365853659 0.00505057374303404 NA NA NA NA NA 6315.4130224319 0.000412614814807903 95.0747010538966 14678.9957713352 0.00201073830276574 NA 0 NA 5231.54081403061 NA 0.0030398354402683
"3383643" 40600 37042 -0.000363593 134 19875 0.00674213836477987 5386.44444444444 0.0000266137869444444 119.555555555556 22636.8055555556 0.00534382887208129 NA NA NA NA NA 6544.76058907077 0.000310258421148964 102.989443132903 16480.4728621818 0.0019067820112609 NA 0 NA 6156.33269337374 NA 0.00343704686082039
"3383643" 40800 37242 -0.000361641 137 19875 0.00689308176100629 4302.08695652174 -0.0000402418182608696 107.152173913043 22042.0217391304 0.00500216174766226 NA NA NA NA NA 6269.28975536424 0.000307700694908837 87.8812247401898 14749.9408337633 0.00188094342631702 NA 0 NA 7292.08090536717 NA 0.00312121832134524
"3383643" 41000 37442 -0.000396762 134 19875 0.00674213836477987 4441.71111111111 -0.0000418033286666667 94.9333333333333 19216.9333333333 0.00504609171181486 NA NA NA NA NA 6399.07911564491 0.000370318288540645 89.909146061202 13954.4310075852 0.00209697877353763 NA 0 NA 5262.50232574816 NA 0.00294911293827723
"3383643" 41200 37642 -0.000179831 146 19875 0.00734591194968553 5773.35294117647 -0.0000556202235294118 110.441176470588 20174.7941176471 0.00546240406833176 NA NA NA NA NA 6970.09685982154 0.000342749009781207 97.4017581748075 14474.435658187 0.00196340372974356 NA 0 NA 5700.35845946008 NA 0.00349900033858819
"3383643" 41400 37842 -0.000286734 138 19875 0.00694339622641509 5026.20512820513 0.0000147937294871795 101.333333333333 18172.2820512821 0.00536766072402719 NA NA NA NA NA 6918.14311175404 0.000404061222396068 94.348272327733 13605.8919221527 0.00206377350774095 NA 0 NA 4566.39012912932 NA 0.00330388721628624
"3383643" 41600 38042 -0.00013389 138 19875 0.00694339622641509 5588.14285714286 0.00000100088571428571 117.8 21784.0571428571 0.00518450805169616 NA NA NA NA NA 7220.57596750571 0.000285024052225803 98.9957812529522 15224.2851101221 0.0023782419717417 NA 0 NA 6559.77203273503 NA 0.00280626607995447
"3383643" 41800 38242 -0.000174497 148 19875 0.00744654088050314 5711.77142857143 -0.0000558729231428571 100.514285714286 17950 0.00551792200692092 NA NA NA NA NA 7281.56971637667 0.000345336424231151 99.7551034898411 13682.4494883044 0.00228444098478144 NA 0 NA 4267.55051169565 NA 0.00323348102213948
"3383643" 42000 38442 -0.000138583 142 19875 0.00714465408805031 4235.97368421053 -0.0000133025568421053 97.6842105263158 18435.2894736842 0.0050822840027695 NA NA NA NA NA 6118.59871118199 0.000317902997284793 93.0745430005718 13536.2344017384 0.00226066188113662 NA 0 NA 4899.05507194585 NA 0.00282162212163288
"3383643" 42200 38642 -0.000225562 137 19875 0.00689308176100629 4361.26315789474 0.00005055945 89.2105263157895 16955.4210526316 0.00490464182520422 NA NA NA NA NA 6171.79339079056 0.000589783641782141 98.2553644487605 14210.6347398635 0.00246694695084976 NA 0 NA 2744.78631276809 NA 0.00243769487435446
"3383643" 42400 38842 -0.000159211 137 19875 0.00689308176100629 3950.83720930233 -0.0000749405348837209 96.953488372093 17685.6976744186 0.00532725543227148 NA NA NA NA NA 6030.88128255703 0.000318601803978753 97.4679320862025 15151.4418134206 0.00189926525307191 NA 0 NA 2534.25586099799 NA 0.00342799017919957
"3383643" 42600 39042 -0.0000776153 146 19875 0.00734591194968553 4486.05128205128 -0.0000143270153846154 107.102564102564 19390.9743589744 0.00543955906573269 NA NA NA NA NA 6246.34647297593 0.000266245212840221 99.5243410776307 14773.4994669281 0.00199288652724071 NA 0 NA 4617.47489204625 NA 0.00344667253849198
"3383643" 42800 39242 -0.000220176 130 19875 0.00654088050314465 4393.75609756098 0.0000216588582926829 113.268292682927 21355.0243902439 0.00507947972684315 NA NA NA NA NA 6218.46401766742 0.000299670118324578 100.397466200658 15188.8790048637 0.00215486927559745 NA 0 NA 6166.14538538017 NA 0.0029246104512457
"3383643" 43000 39442 -0.0000597618 149 19875 0.00749685534591195 4663.07692307692 -0.0000278506497435897 96.2820512820513 17682.5128205128 0.00528977797224848 NA NA NA NA NA 6401.83162270815 0.000391226882024419 94.325290663954 12355.961812382 0.0022401115603439 NA 0 NA 5326.55100813084 NA 0.00304966641190458
"3383643" 43200 39642 -0.000152129 129 19875 0.00649056603773585 5290.4 -0.00000685236394285714 104.6 19879.4 0.00536428823170923 NA NA NA NA NA 6636.67986270243 0.000270080547471628 100.459590939664 13451.3229224752 0.00223161323199793 NA 0 NA 6428.07707752483 NA 0.00313267499971131
"3383643" 43400 39842 -0.000172979 142 19875 0.00714465408805031 4713.675 -0.000025252002 113.65 21362.45 0.00535154932888619 NA NA NA NA NA 6524.15103579159 0.000281940722286907 93.7223258299449 13473.6604585125 0.00189505796068515 NA 0 NA 7888.78954148755 NA 0.00345649136820104
"3383643" 43600 40042 -0.0000670926 145 19875 0.00729559748427673 4587.04761904762 0.00000102558854761905 129.166666666667 23523.5 0.00556386285449397 NA NA NA NA NA 6514.71001526875 0.000320835543570607 94.0020541204382 14153.2559526413 0.00182083519976977 NA 0 NA 9370.24404735873 NA 0.0037430276547242
"3383643" 43800 40242 -0.0000353197 143 19875 0.00719496855345912 5121.92105263158 -0.0000477090184210526 121.552631578947 21708.2631578947 0.00564696596998443 NA NA NA NA NA 6780.33541935827 0.000277426429614592 92.3663965363153 12995.7176578437 0.00177172927067631 NA 0 NA 8712.54550005107 NA 0.00387523669930812
"3383643" 44000 40442 -0.000236469 150 19875 0.00754716981132075 5370.5945945946 -0.0000168789972972973 108.405405405405 19650.8108108108 0.00556603257438639 NA NA NA NA NA 6889.8656270539 0.000308890863573839 100.957763297183 13918.739194653 0.00235913833751231 NA 0 NA 5732.07161615784 NA 0.00320689423687407
"3383643" 44200 40642 -0.0000285899 137 19875 0.00689308176100629 4860.69047619048 -0.0000832560904761905 118.428571428571 22571.0714285714 0.00530879583781172 NA NA NA NA NA 6743.21402158368 0.000257453459475087 95.9354820946801 14236.8052208778 0.00208969992752935 NA 0 NA 8334.26620769366 NA 0.00321909591028236
"3383643" 44400 40842 -0.000105279 140 19875 0.0070440251572327 5211.4 0.00006040356675 117.425 21057.55 0.00553980639853104 NA NA NA NA NA 6890.19980284149 0.000523315286874964 89.0931196802479 13624.7680628577 0.00162692511278412 NA 0 NA 7432.78193714232 NA 0.00391288128574692
"3383643" 44600 20560 0.00005785705 109.5 19846 0.00551502981843618 5238.175 -0.00002213079525 130.55 22948.875 0.00570359054389974 28965.9221845257 0.0000339906936823155 47.3761543394987 41.0121933088198 0.00237579214302535 7012.10720692505 0.000391968260202803 97.1282393117206 14885.0357642138 0.00166221039785108 0 0 19804.9878066912 8063.83923578623 0.00313923767541083 0.00404138014604865
"3383643" 44800 20760 0.00012055895 117 19846 0.00589297734649401 5862.11111111111 -0.0000668483555555556 120.638888888889 20177.1666666667 0.00589207006332414 28965.9221845257 0.000150295617051879 46.6690475583121 41.0121933088198 0.00233938141853337 7279.64780850509 0.000318877059757136 96.4039574699764 13520.9017736033 0.00174378368892685 0 0 19804.9878066912 6656.26489306338 0.00355359592796064 0.00414828637439729
"3383643" 45000 20960 -0.00009406895 113.5 19846 0.00571687671756319 5258.78048780488 -0.0000520026975609756 117.90243902439 21790.8048780488 0.00566060184583662 28965.9221845257 0.000206340900528725 41.7193000900063 41.0121933088198 0.00209033752075697 7146.66023927329 0.000289892892245482 92.6425401416781 14958.6435785794 0.00201673310042803 0 0 19804.9878066912 6832.16129946935 0.00362653919680621 0.00364386874540859
"3383643" 45200 21160 -0.00004426255 121.5 19846 0.00612108592362253 5184.92857142857 -0.0000824368761904762 123.738095238095 21848.1428571429 0.00566081227121808 28965.9221845257 0.000145626449554348 20.5060966544099 41.0121933088198 0.001020611583959 7207.64599233835 0.000310083195660069 96.3208711581952 15842.5240899318 0.00169028513225782 0 0 19804.9878066912 6005.61876721105 0.00510047433966353 0.00397052713896027
"3383643" 45400 21360 -0.0001458316 133 19846 0.006700512202375 6357.11428571429 0.0000360385485714286 125.657142857143 21774.7428571429 0.00575517744924161 28965.9221845257 0.000258404253588675 21.2132034355964 41.0121933088198 0.00105504387452809 7539.04322518849 0.000234544013593288 98.8102587128015 15209.1770909827 0.00193441121347781 0 0 19804.9878066912 6565.56576616013 0.00564546832784691 0.0038207662357638
"3383643" 45600 21560 -0.0000278665 135.5 19846 0.00682629836589701 7815.86206896552 -0.0000227056586206897 125.620689655172 21387.3793103448 0.00626019690102028 28965.9221845257 0.00031360539299014 24.7487373415292 41.0121933088198 0.0012329323729398 7711.06289562571 0.00030278256394527 110.699210796356 15946.5801134686 0.0026033805547199 0 104.799173339807 19804.9878066912 5440.79919687627 0.00559336599295721 0.00365681634630038
"3383643" 45800 21760 0.000004551 132 19846 0.00665122855257683 6059.63157894737 -0.0000283189657894737 136.052631578947 25366.2894736842 0.00568000986597147 28965.9221845257 0.000223332605769959 0 41.0121933088198 0.0000137449093590359 7588.85099525383 0.000226932324877107 92.1012801414749 14633.068909998 0.00216360745233371 0 0 19804.9878066912 10733.2205636862 0.0066374836432178 0.00351640241363776
"3383643" 46000 21960 -0.00006665195 128 19846 0.00644827720815271 6159.94736842105 -0.0000540136368421053 129.315789473684 24079.4736842105 0.00554760548068096 28965.9221845257 0.000158625334934256 26.8700576850888 41.0121933088198 0.00134060262489767 7669.3020576327 0.000250435731087535 97.8634197907659 14718.2533036397 0.00235278807406712 0 0 19804.9878066912 9361.22038057087 0.00510767458325504 0.00319481740661384
"3383643" 46200 22160 -0.000005808 138.5 19846 0.00697716813243696 7205.90909090909 -0.00000698527606060606 130.272727272727 22929.6666666667 0.0058481295855938 28965.9221845257 0.000153306407015493 30.4055915910215 41.0121933088198 0.00151765809849974 7902.29702904334 0.000241331162954908 98.5498835385134 14500.4537874394 0.00221237627888869 0 0 19804.9878066912 8429.21287922723 0.00545951003393721 0.00363575330670511
"3383643" 46400 22360 -0.0000700195 144 19846 0.00725478124842307 6377.42105263158 0.000051060585 133.078947368421 22929.9736842105 0.00606593706516824 28965.9221845257 0.0000744703648742236 21.2132034355964 41.0121933088198 0.00105389846541484 7818.8242450307 0.00028828326746108 96.5150545822991 15729.460179543 0.00180432267454435 0 0 19804.9878066912 7200.51350466751 0.00620088278300823 0.00426161439062389
"3383643" 46600 22560 0.00005633155 133.5 19846 0.0067256694350794 6611.97297297297 0.0000140660048648649 126.243243243243 22781.4864864865 0.00565061212345953 28965.9221845257 0.000124611236017484 21.920310216783 41.0121933088198 0.00109062157421043 7960.64559598057 0.000244471965598039 100.690782267463 14369.7684482652 0.00225837300981911 0 0 19804.9878066912 8411.71803822133 0.00563504786086897 0.00339223911364041
"3383643" 46800 22760 -0.00000403155 138.5 19846 0.00697746265118285 6550.47058823529 0.0000586749635294118 132.382352941176 21579.1764705882 0.00615064620939657 28965.9221845257 0.000129983550498227 24.7487373415292 41.0121933088198 0.00123261998863619 7619.30631629501 0.000267785123015964 99.6171503750301 14280.7907884568 0.00169990517213356 0 0 19804.9878066912 7298.38568213145 0.00574484266254666 0.00445074103726301
"3383643" 47000 22960 0.00000122165 133 19846 0.00670110123986679 6121.16216216216 0.0000318586016216216 130.810810810811 21656.2972972973 0.00605641721730345 28965.9221845257 0.0000246857341273254 9.89949493661167 41.0121933088198 0.000484967654800981 7596.42121701438 0.000285214707684662 102.272467740138 15570.3255886618 0.00171238191950612 0 0 19804.9878066912 6085.97170863548 0.00621613358506581 0.00434403529779733
"3383643" 47200 23160 -0.0000324751 142 19846 0.00715466772541078 6248.05405405405 0.0000196276583783784 132.027027027027 21238.3783783784 0.0062230889489174 28965.9221845257 0.000177089095072565 8.48528137423857 41.0121933088198 0.00041277097442425 7656.71061497308 0.000283104677001498 108.733999202561 15770.7085910546 0.0020569941127161 0 0 19804.9878066912 5467.66978732376 0.00674189675098653 0.0041660948362013
"3383643" 47400 23360 -0.000026423 141.5 19846 0.00712877419584164 5479.02325581395 -0.000026135593255814 135.790697674419 24657.6511627907 0.0056554958422983 28965.9221845257 0.0000588640939493678 21.920310216783 41.0121933088198 0.0010897885494008 7491.24369637605 0.000313546958757762 101.389291756255 14897.8430939383 0.00221164545757045 0 0 19804.9878066912 9759.80806885238 0.00603898564644084 0.00344385038472785
"3383643" 47600 23560 0.00003532765 142.5 19846 0.00717894140187749 5982.625 -0.000016572845 138.375 22643.7 0.00596684126633446 28965.9221845257 0.000180514956716736 26.1629509039023 41.0121933088198 0.00130346300369726 7696.63809620631 0.000234144599883438 105.469326565376 15332.2435296105 0.0019578080807938 0 0 19804.9878066912 7311.45647038953 0.00587547839818024 0.00400903318554067
"3383643" 47800 23760 -0.00003109765 144.5 19846 0.00727927581394921 5429.6 0.0000959371792666667 120.422222222222 20095.1555555556 0.00600302660044244 28965.9221845257 0.000146696867799708 34.6482322781408 41.0121933088198 0.00173081191229018 7555.19489370183 0.000421359069852349 105.451947024762 14521.4919577775 0.00224171217162042 0 0 19804.9878066912 5573.66359777801 0.00554846390165903 0.00376131442882202
"3383643" 48000 23960 0.0000449809 144.5 19846 0.00727993848112747 5801.80487804878 0.0000224260488292683 137.243902439024 22188.5853658537 0.00637500445824231 28965.9221845257 0.0000657241610977272 21.920310216783 41.0121933088198 0.00108947616509718 7795.91066271129 0.000438151198540815 108.548095443404 15564.1531250107 0.00218177465629282 0 0 19804.9878066912 6624.43224084295 0.00619046231603029 0.00419322980194949
"3383643" 48200 24160 -0.0000758373 145 19846 0.00730539023257777 6312.52631578947 0.0000896516002631579 125.815789473684 20085.0789473684 0.00633783044661157 28965.9221845257 0.0000761139638764136 16.9705627484771 41.0121933088198 0.000840015754915968 8034.00495440455 0.000317830047592725 108.981737935371 13687.5394811359 0.00229626320868896 0 0 19804.9878066912 6397.53946623256 0.0064653744776618 0.00404156723792262
"3383643" 48400 24360 -0.0000108002 152 19846 0.00765876956542299 6457.47222222222 0.0000882319544444444 140.138888888889 22603.9722222222 0.00636463244994486 28965.9221845257 0.000103205628826726 4.24264068711928 41.0121933088198 0.000197951111014535 8199.55716395225 0.000308193512749963 112.614171343138 14644.8627647789 0.00257008838633589 0 0 19804.9878066912 7959.10945744336 0.00746081845440846 0.00379454406360897
"3383643" 48600 24560 -0.0001010872 150.5 19846 0.00758256157044504 5773.525 0.00003616850125 128.425 21627.325 0.00616885446728201 28965.9221845257 0.0000976525778527121 16.2634559672906 41.0121933088198 0.000803813286626397 8154.77207462615 0.000201976899688396 108.353857030257 13517.3535670178 0.00233808428177267 0 0 19804.9878066912 8109.97143298219 0.00677874828381865 0.00383077018550933
"3383643" 48800 24760 -0.00011629 143 19846 0.00720446678301427 7531.09677419355 -0.0000287875393548387 149.645161290323 22993.9677419355 0.0064439284531156 28965.9221845257 0.0000163695219844686 19.7989898732233 41.0121933088198 0.000982743066050155 8680.03418332301 0.000221302379381805 119.620106556018 14455.079765683 0.00235411786918869 0 0 19804.9878066912 8538.88797625249 0.00622172371696411 0.00408981058392692
"3383643" 49000 24960 0.0000687077 141 19846 0.00710383785219666 6602.75 0.0000349815438888889 141.472222222222 22746.1944444444 0.00625596013817468 28965.9221845257 0.00000619948799337493 16.9705627484771 41.0121933088198 0.000840432267320787 8524.12289371422 0.000290012606055993 112.558171908983 14476.5922821625 0.0023241118920587 0 0 19804.9878066912 8269.6021622819 0.00626340558487587 0.00393184824611598
"3383643" 49200 25160 -0.0000345032 139.5 19846 0.00702836615408345 5238.93023255814 0.0000069678023255814 135.488372093023 22721.1395348837 0.00632947081025369 28965.9221845257 0.0000734422316143784 14.8492424049175 41.0121933088198 0.000733699168273761 8084.75603600277 0.000309743999847183 95.0792581889605 15735.3930218312 0.00167990926651194 0 0 19804.9878066912 6985.74651305249 0.00629466698580969 0.00464956154374176
"3383643" 49400 25360 -0.0000956262 153 19846 0.00770856862302648 5860.20512820513 0.0000128590530769231 134.897435897436 22095.3076923077 0.00627439941827991 28965.9221845257 0.0000496428558372703 15.556349186104 41.0121933088198 0.000767923202640441 8391.18931153852 0.000246092101215341 92.8291568510315 14506.3215623829 0.00177542463257657 0 0 19804.9878066912 7588.98612992479 0.00694064542038604 0.00449897478570334
"3383643" 49600 25560 -0.000005875195 153 19846 0.00770820047459411 5550.7380952381 -0.0000393774876666667 130.761904761905 22021.5238095238 0.00607051669058222 28965.9221845257 0.00000850098621584872 22.6274169979695 41.0121933088198 0.00112422083996988 8282.92870927328 0.00032691716091793 90.5174311534793 13640.1255362904 0.00173333322212484 0 0 19804.9878066912 8381.39827323344 0.00658397963462422 0.00433718346845738
"3383643" 49800 17177.6666666667 -0.0000626988 168.333333333333 28325.6666666667 0.00645263346068789 6769.22857142857 -0.0000149923685714286 144.714285714286 24925.2857142857 0.00615456795795228 25307.7391391118 0.0000794154842717716 43.4664621672081 14687.2421282327 0.00167718477766573 8738.63574318674 0.000184470686676721 94.7981047926007 14415.5200750307 0.0023689538415059 0 0 13638.424538434 10509.765639255 0.00477544868302216 0.00378561411644639
"3383643" 50000 17377.6666666667 -0.0001158874 170.333333333333 28325.6666666667 0.00648714206346616 5734.40476190476 -0.0000438580923809524 132.309523809524 22594.119047619 0.00600912896806954 25307.7391391118 0.0000446081623324701 49.2172056636024 14687.2421282327 0.00171142006226148 8429.94276246959 0.000302901427216737 93.9637937784077 14680.3828806359 0.00232202770013682 0 0 13638.424538434 7913.73616698315 0.00477572200120468 0.00368710126793271
"3383643" 200 NA NA NA NA NA 41.3809523809524 -0.000168519523809524 1.04761904761905 26797.6666666667 0.0000323332459505737 NA NA NA NA NA 53.7480010702502 0.00100738322592599 1.35927151357595 14241.729808325 0.0000439448490934704 NA 0 NA 12555.9368583417 NA 0
"3383643" 400 NA NA NA NA NA 91.9655172413793 0.000281094344827586 1.41379310344828 28201.4827586207 0.0000486558237717605 NA NA NA NA NA 116.535243828583 0.00152620963162328 1.63701037127595 13205.0511618544 0.0000562004475395479 NA 0 NA 14996.4315967663 NA 0
"3383643" 600 NA NA NA NA NA 147.571428571429 -0.000245056166666667 3.80952380952381 26631.1904761905 0.000138578548578767 NA NA NA NA NA 205.246089226706 0.000913394378878335 2.92607326666725 12776.8159438064 0.000104474101062009 NA 0 NA 13854.3745323841 NA 0.0000341044475167584
"3383643" 800 NA NA NA NA NA 140.590909090909 -0.000195637637727273 3.36363636363636 26449.1818181818 0.000114339631207394 NA NA NA NA NA 228.492921447285 0.000988363482561204 2.7696562369716 11730.1436951226 0.0000891112038901824 NA 0 NA 14719.0381230592 NA 0.0000252284273172115
"3383643" 1000 NA NA NA NA NA 104.636363636364 -0.000157388954545455 3 28092.7727272727 0.000105145004377683 NA NA NA NA NA 215.01794951752 0.00151377857673346 4.16333199893227 14613.4847509051 0.000118087750545952 NA 0 NA 13479.2879763677 NA 0
"3383643" 1200 NA NA NA NA NA 138.607142857143 -0.0000215435992857143 4.46428571428571 24624.1428571429 0.000185329246396729 NA NA NA NA NA 248.078144690369 0.00101151359858962 4.25555969994411 13388.9543881688 0.000150517571700284 NA 0 NA 11235.188468974 NA 0.0000348116746964455
"3383643" 1400 NA NA NA NA NA 154.758620689655 -0.00046973397137931 3.82758620689655 25085.2068965517 0.000160989652734842 NA NA NA NA NA 236.901675681889 0.00115487733129198 3.38134552167415 13853.075288746 0.000131661788345271 NA 0 NA 11232.1316078057 NA 0.0000293278643895711
"3383643" 1600 NA NA NA NA NA 166.655172413793 -0.000108650279310345 4.93103448275862 22401.9655172414 0.000229504168575612 NA NA NA NA NA 298.981398831584 0.000951911941480707 4.65165895509148 15088.9530960396 0.000197161688412398 NA 0 NA 7313.01242120179 NA 0.000032342480163213
"3383643" 1800 NA NA NA NA NA 202.555555555556 0.00020086582962963 5.18518518518519 26436.2962962963 0.000200843320254454 NA NA NA NA NA 365.282223170116 0.000629189033914976 3.88326822145626 15792.0703563403 0.000133294288064305 NA 0 NA 10644.225939956 NA 0.0000675490321901493
"3383643" 2000 NA NA NA NA NA 224.344827586207 -0.00000673431034482759 5.79310344827586 24763.2413793103 0.000219325273456248 NA NA NA NA NA 387.197557166703 0.000799027305323528 5.76553374028327 14097.7494319767 0.000183240250092815 NA 0 NA 10665.4919473337 NA 0.0000360850233634327
"3383643" 2200 NA NA NA NA NA 317.8 -0.00004849596 5.88 21332.08 0.000246610889737 NA NA NA NA NA 473.209872396311 0.000845163430025592 6.85759919116499 13616.2206605455 0.000255004681617092 NA 0 NA 7715.85933945448 NA 0
"3383643" 2400 NA NA NA NA NA 301.2 -0.00025685124 8.68 22945.04 0.000346574472028663 NA NA NA NA NA 484.759390488381 0.000935146331195118 9.92354103466432 13989.500734122 0.000325330179970236 NA 0 NA 8955.539265878 NA 0.0000212442920584272
"3383643" 2600 NA NA NA NA NA 348.68 -0.000198513092 10.84 29108.44 0.000405443909900435 NA NA NA NA NA 553.364988050383 0.000848795474257682 9.26768579527813 15143.9491466614 0.000375800713966054 NA 0 NA 13964.4908533386 NA 0.000029643195934381
"3383643" 2800 NA NA NA NA NA 307.161290322581 -0.000187188890322581 10.8709677419355 26093.4516129032 0.00040773445368521 NA NA NA NA NA 566.680456505204 0.00099109861254642 10.7447411493061 15686.7054302653 0.000362082094359956 NA 0 NA 10406.746182638 NA 0.0000456523593252538
"3383643" 3000 NA NA NA NA NA 437.851851851852 -0.000154990459259259 12.8148148148148 28008.1481481481 0.000495924188336578 NA NA NA NA NA 659.359987103094 0.000705447115284474 9.67167568424989 15441.3898007015 0.000382809930325828 NA 0 NA 12566.7583474467 NA 0.00011311425801075
"3383643" 3200 NA NA NA NA NA 420.575757575758 -0.000425142012121212 9.81818181818182 23640.8787878788 0.000404243367007183 NA NA NA NA NA 690.154422498284 0.00109568488458614 9.29534340898221 14338.5023794275 0.000350995087474364 NA 0 NA 9302.37640845127 NA 0.0000532482795328185
"3383643" 3400 NA NA NA NA NA 401.133333333333 -0.000314291086666667 10.8333333333333 23866.3333333333 0.000423795958804892 NA NA NA NA NA 696.464605795899 0.000827633970477897 8.7062535326461 14819.3374562994 0.000310138513585539 NA 0 NA 9046.99587703394 NA 0.000113657445219354
