"3383643" 2994590 19875 573718 593592 252 0.0110691823899371 0.00955974842767296 3.64054508532896 0.000183172079764979 1 1 1 0.00296020412392574 0.00014615598843259 0.0000460283749393161
"3383643" 16033894 26108 1251373 1277480 248 0.00777539451509116 0 3.18418657731572 0.000121962102700924 1 0 1 0.00296020412392574 0.00014615598843259 0.0000460283749393161
"3383643" 20941003 8513 1603157 1611669 82 0.00693057676494773 0 0.750425142504992 0.0000881504924826727 1 0 1 0.00296020412392574 0.00014615598843259 0.0000460283749393161
"3383643" 25751001 17024 483185 491696 76 0.00328947368421053 0 0.607575944958162 0.0000356893764660575 1 0 0 0.00296020412392574 0.00014615598843259 0.0000460283749393161
"3383643" 26442254 47054 1907762 1954815 317 0.00524928805202533 0 3.97797789258954 0.0000845406956388308 1 0 1 0.00296020412392574 0.00014615598843259 0.0000460283749393161
"3383643" 27037805 2530 600385 602914 14 0 0 0.108509970371931 0.0000428893163525418 0 0 0 0.00296020412392574 0.00014615598843259 0.0000460283749393161
"3383643" 27763836 20468 228383 248850 151 0.00136798905608755 0 0.638376557020408 0.000031189005130956 0 0 0 0.00296020412392574 0.00014615598843259 0.0000460283749393161
"3383643" 29231212 32785 1119252 1152036 237 0.00561232270855574 0 2.65801787355788 0.0000810742069104128 1 0 1 0.00296020412392574 0.00014615598843259 0.0000460283749393161
"3383643" 29528480 12031 427228 439258 90 0.00132989776410938 0 0.600194406571124 0.0000498873249581186 0 0 1 0.00296020412392574 0.00014615598843259 0.0000460283749393161
"3383643" 31062364 45859 32214 78072 349 0.00534246276630541 0 3.36942888754213 0.0000734736668383989 1 0 1 0.00296020412392574 0.00014615598843259 0.0000460283749393161
"3383643" 33123284 15433 982780 998212 84 0.00414695781766345 0 0.948464700341791 0.0000614569234978158 1 0 1 0.00296020412392574 0.00014615598843259 0.0000460283749393161
"3383643" 33486591 7351 952831 960181 48 0.00435314923139709 0 0.705773274371838 0.0000960105120897617 1 0 1 0.00296020412392574 0.00014615598843259 0.0000460283749393161
"3383643" 33923127 23577 1728709 1752285 136 0.00411417907282521 0 1.27368855433265 0.0000540225030467256 1 0 1 0.00296020412392574 0.00014615598843259 0.0000460283749393161
"3383643" 37007882 25913 943473 969385 173 0.00385906687762899 0 1.66557820484758 0.0000642757768242803 1 0 1 0.00296020412392574 0.00014615598843259 0.0000460283749393161
"3383643" 37462552 19817 456201 476017 110 0.00388555280819498 0.00257354796386941 1.39222463250352 0.0000702540562397701 1 1 1 0.00296020412392574 0.00014615598843259 0.0000460283749393161
"3383643" 39030379 10856 1631244 1642099 59 0.00313190862196021 0 0.735676302037008 0.0000677667927447501 1 0 1 0.00296020412392574 0.00014615598843259 0.0000460283749393161
"3383643" 40007883 45837 144942 190778 224 0.00259615594388813 0 1.67707667059606 0.0000365878366951603 0 0 0 0.00296020412392574 0.00014615598843259 0.0000460283749393161
"3383643" 40585281 24904 910424 935327 118 0.00244940571795695 0 0.960359735416125 0.0000385624692987522 0 0 0 0.00296020412392574 0.00014615598843259 0.0000460283749393161
"3383643" 41113303 4006 774217 778222 29 0.00399400898652022 0 0.344827081556263 0.0000860776539082033 1 0 1 0.00296020412392574 0.00014615598843259 0.0000460283749393161
"3383643" 41377163 48087 1407951 1456037 239 0.00274502464283486 0.000415912824671949 2.04405871147784 0.0000425075116243026 0 1 0 0.00296020412392574 0.00014615598843259 0.0000460283749393161
"3383643" 41391472 15528 632767 648294 72 0.00244719216898506 0 0.626565920041727 0.0000403507161283956 0 0 0 0.00296020412392574 0.00014615598843259 0.0000460283749393161
"3383643" 41445836 15481 1234217 1249697 86 0.00368193269168658 0 1.02707071642494 0.0000663439517101571 1 0 1 0.00296020412392574 0.00014615598843259 0.0000460283749393161
"3383643" 41714586 36035 1020200 1056234 167 0.00296933536839184 0.0000832523935063133 1.65103896694914 0.0000458176485902355 1 0 0 0.00296020412392574 0.00014615598843259 0.0000460283749393161
"3383643" 41891437 45285 627297 672581 241 0.00322402561554599 0.000198741305067903 2.53919890473681 0.0000560715226838204 1 1 1 0.00296020412392574 0.00014615598843259 0.0000460283749393161
"3383643" 41917357 2961 1814718 1817678 12 0.00168861870989531 0 0.0682203170268537 0.0000230396207453069 0 0 0 0.00296020412392574 0.00014615598843259 0.0000460283749393161
"3383643" 41974036 18809 2039797 2058605 98 0.00313679621457813 0 0 0 1 0 0 0.00296020412392574 0.00014615598843259 0.0000460283749393161
"3383643" 42013067 32630 1933537 1966166 208 0.00465828991725406 0 2.34284285645105 0.0000718002714205041 1 0 1 0.00296020412392574 0.00014615598843259 0.0000460283749393161
