"12123" 200 NA NA NA NA NA 31.8333333333333 -0.000138493333333333 0.0833333333333333 28424 0.00000192999760498519 NA NA NA NA NA 38.0739174292034 0.000538106438700574 0.28232985128664 15495.1219925891 0.00000658130102602304 NA 0 NA 12928.8780074109 NA 0
"12123" 400 NA NA NA NA NA 99.1666666666667 0.0000607325833333333 0.0833333333333333 26097.8333333333 0.0000021246037613985 NA NA NA NA NA 96.8173851155156 0.000210383840016488 0.288675134594813 16478.7876365252 0.00000735984332138829 NA 2.34928155115108 NA 9619.04569680809 NA 0
"12123" 600 NA NA NA NA NA 79.6842105263158 0.0000818878947368421 0.105263157894737 24915.7894736842 0.00000217118018841502 NA NA NA NA NA 130.212242397462 0.000356941057857191 0.458831467741124 16906.4876718277 0.00000946395502951866 NA 0 NA 8009.30180185655 NA 0
"12123" 800 NA NA NA NA NA 127.875 0.000155317708333333 0.333333333333333 23142.9166666667 0.00000883696125132497 NA NA NA NA NA 177.086889137361 0.00064046127096821 0.916831342257085 14167.1233001428 0.0000219424726466632 NA 0 NA 8975.79336652386 NA 0
"12123" 1000 NA NA NA NA NA 136.148148148148 0.000153610925925926 0.444444444444444 25141 0.0000130204741497746 NA NA NA NA NA 229.893905915768 0.000759141275883528 1.21949968724042 14344.6757048364 0.0000320501893719345 NA 0 NA 10796.3242951636 NA 0
"12123" 1200 NA NA NA NA NA 241.875 0.0000760031 1.625 25758.125 0.0000409286146351196 NA NA NA NA NA 338.154772256729 0.000767444436677279 3.5 16125.0352469899 0.0000811601623530612 NA 0 NA 9633.0897530101 NA 0
"12123" 1400 NA NA NA NA NA 229.888888888889 0.000501413388888889 1.33333333333333 29130.8333333333 0.0000370070866694802 NA NA NA NA NA 414.336874718669 0.000667495329693918 2.42535625036333 14273.7099808581 0.0000689430317723718 NA 0 NA 14857.1233524753 NA 0
"12123" 1600 NA NA NA NA NA 276.411764705882 -0.000286797882352941 1.17647058823529 29499.5882352941 0.0000330743140665871 NA NA NA NA NA 474.562174380703 0.000759410109359798 2.29769705677356 13957.9345627264 0.0000577332819470159 NA 0 NA 15541.6536725677 NA 0
"12123" 1800 NA NA NA NA NA 229.4 -0.00007327244 1.08 24821.52 0.0000430388227639626 NA NA NA NA NA 473.749230430334 0.00126475943294835 1.82391520270726 16116.9869679995 0.0000699260970769354 NA 0 NA 8704.53303200047 NA 0
"12123" 2000 NA NA NA NA NA 320.565217391304 -0.00029199947826087 0.956521739130435 25185.2608695652 0.0000294409953795081 NA NA NA NA NA 555.879387350019 0.00116776594245749 2.07754796180421 13972.8783629943 0.0000613223708289825 NA 0 NA 11212.3825065709 NA 0
"12123" 2200 NA NA NA NA NA 338.708333333333 -0.000025696375 1.20833333333333 26334.625 0.0000669848380151072 NA NA NA NA NA 613.584867392241 0.000818191010364079 2.24536559755125 15746.0111216957 0.000145543995675851 NA 0 NA 10588.6138783043 NA 0
"12123" 2400 NA NA NA NA NA 300.28 0.00011654908 0.96 23149.92 0.0000321290039027688 NA NA NA NA NA 571.470874148456 0.00147415123436872 1.42828568570857 14763.800580361 0.0000507331015350813 NA 0 NA 8386.11941963904 NA 0
"12123" 2600 NA NA NA NA NA 355.96 -0.0002415156 1 25139.68 0.0000374364840047784 NA NA NA NA NA 636.49564544203 0.00187061147725915 2.23606797749979 13656.2652615323 0.000076718603878372 NA 0 NA 11483.4147384677 NA 0
"12123" 2800 NA NA NA NA NA 402.4 -0.000206458976 1.52 23407.8 0.0000456248817727251 NA NA NA NA NA 706.616173510532 0.000931054679018378 2.6944387170615 14342.2481385125 0.0000753039970330068 NA 0 NA 9065.55186148745 NA 0
"12123" 3000 NA NA NA NA NA 467.48 -0.000132918088 1.64 25473.72 0.0000525752607123107 NA NA NA NA NA 778.2737371902 0.00135207021517629 3.32766184179422 13747.045390192 0.000101957683648079 NA 0 NA 11726.674609808 NA 0
"12123" 3200 NA NA NA NA NA 402.064516129032 0.0000359972903225806 1.09677419354839 22926.6774193548 0.0000398554009350022 NA NA NA NA NA 753.276396173581 0.000908949005651443 1.42255260499515 14162.1162010652 0.0000459158647222375 NA 0 NA 8764.56121828965 NA 0
"12123" 3400 NA NA NA NA NA 427.03125 -0.000133567871875 0.8125 20941.0625 0.0000417369110507189 NA NA NA NA NA 820.565716908846 0.000672138184822688 1.8740589036083 13118.8722763208 0.0000975533494255524 NA 0 NA 7822.19022367917 NA 0
"12123" 3600 NA NA NA NA NA 503.451612903226 0.000106639225806452 1.29032258064516 23361.9032258065 0.0000510416582682248 NA NA NA NA NA 889.773111106035 0.000853740466164111 2.00322320918225 14572.8876876544 0.0000663232958973186 NA 0 NA 8789.01553815205 NA 0
"12123" 3800 NA NA NA NA NA 440.404761904762 -0.00000307519047619047 1.35714285714286 23037.9761904762 0.0000457082755721224 NA NA NA NA NA 850.8402177109 0.00120892865887483 2.56449898659851 14212.3024644455 0.0000805559663641459 NA 0 NA 8825.67372603072 NA 0
"12123" 4000 NA NA NA NA NA 608.176470588235 0.000145418871794118 1.67647058823529 26400.4411764706 0.0000539032358273051 NA NA NA NA NA 987.588384094956 0.000861582099696969 2.44603065263994 12788.6909918222 0.0000734502989658871 NA 0 NA 13611.7501846484 NA 0
"12123" 4200 NA NA NA NA NA 601.030303030303 -0.000137404818181818 1.75757575757576 27026.9090909091 0.0000495695043138114 NA NA NA NA NA 1042.58814030423 0.00106168324162652 3.24066257721996 13704.5154154653 0.0000928876545615004 NA 0 NA 13322.3936754437 NA 0
"12123" 4400 NA NA NA NA NA 516.571428571429 0.000242611742857143 1.77142857142857 23293.7714285714 0.0000801371130878011 NA NA NA NA NA 1055.40193864747 0.00125102710308742 3.49020237307839 16093.261710282 0.000119683357317877 NA 0 NA 7200.50971828938 NA 0
"12123" 4600 NA NA NA NA NA 582.676470588235 -0.0000223087352941177 2.23529411764706 28640.0882352941 0.0000827084549528343 NA NA NA NA NA 1129.40176496334 0.00132605371838836 4.34189473742437 15253.4340959422 0.000142764185021678 NA 0 NA 13386.6541393519 NA 0
"12123" 4800 NA NA NA NA NA 768.44 0.000182483608 2.12 23509 0.0000808823279111982 NA NA NA NA NA 1347.83839535754 0.000776932538372546 4.00333194560065 12218.2429860707 0.000127057509977646 NA 0 NA 11290.7570139293 NA 0
"12123" 5000 NA NA NA NA NA 845.55 -0.00012717855 2.35 27334.5 0.000068288028807733 NA NA NA NA NA 1317.90190015079 0.000937256174246007 2.53968501984006 15647.9468923999 0.0000748698184060671 NA 0 NA 11686.5531076001 NA 0
"12123" 5200 NA NA NA NA NA 564.62962962963 -0.0000264602333333334 1.62962962962963 27493.7777777778 0.0000473097936024381 NA NA NA NA NA 1130.56616681637 0.000792651123097264 2.54419623318141 14144.7820777006 0.0000713182415033304 NA 0 NA 13348.9957000771 NA 0
"12123" 5400 NA NA NA NA NA 324.740740740741 0.000138638344444444 1.55555555555556 25148.2592592593 0.0000476847670216882 NA NA NA NA NA 697.076179072416 0.00110601144760331 1.92819830877136 15317.0559673562 0.0000544827503744364 NA 0 NA 9831.20329190305 NA 0
"12123" 5600 NA NA NA NA NA 366 -0.0000436760909090909 1.68181818181818 21894.9545454545 0.0000643357826242227 NA NA NA NA NA 811.164418774464 0.00100019489300788 2.05603325052703 15610.9266845443 0.0000706878353588961 NA 0 NA 6284.02786091027 NA 0
"12123" 5800 NA NA NA NA NA 445.952380952381 -0.000106580333333333 1.71428571428571 22923.1904761905 0.0000428034094989809 NA NA NA NA NA 889.378686285571 0.00136963344462116 3.11677488989592 15789.1326792166 0.0000701779443759354 NA 0 NA 7134.0577969739 NA 0
"12123" 6000 NA NA NA NA NA 375.892857142857 0.000195855596428571 1.78571428571429 25216.4285714286 0.0000556357860821962 NA NA NA NA NA 849.570058554051 0.00144317397909714 2.26661998084508 14356.7688860189 0.0000551125818115668 NA 0 NA 10859.6596854097 NA 0.000000523204270629384
"12123" 6200 NA NA NA NA NA 470.923076923077 -0.000167460807692308 2.42307692307692 30546.6923076923 0.0000680086949805386 NA NA NA NA NA 935.471984533024 0.000877594317509817 2.78816178760239 15623.0557542863 0.0000700288925273517 NA 0 NA 14923.636553406 NA 0
"12123" 6400 NA NA NA NA NA 522.555555555556 0.0000773768725925926 2.2962962962963 28832.3703703704 0.0000617787531563923 NA NA NA NA NA 982.534882267187 0.000840542498226436 2.97185276080576 13999.6097010105 0.0000675243883458403 NA 0 NA 14832.7606693599 NA 0
"12123" 6600 NA NA NA NA NA 442.806451612903 -0.000103811719354839 2.64516129032258 31861.0967741935 0.0000704737635535191 NA NA NA NA NA 921.090383525773 0.00125249548248424 3.45975323876115 12516.5535308376 0.0000769783558792468 NA 0 NA 19344.543243356 NA 0
"12123" 6800 NA NA NA NA NA 356.676470588235 0.000253189276470588 3 28089.9411764706 0.0000965274231827949 NA NA NA NA NA 609.682765030343 0.00135725589525092 4.49241785476576 14702.5474703416 0.000104637252291592 NA 0 NA 13387.393706129 NA 0
"12123" 7000 NA NA NA NA NA 357.292682926829 0.000201083724390244 2.36585365853659 27460.6341463415 0.0000853868381699373 NA NA NA NA NA 630.823003856963 0.00132833607812265 3.0393757382148 15541.3653402076 0.0000863877979306418 NA 0 NA 11919.2688061339 NA 0
"12123" 7200 NA NA NA NA NA 431.068965517241 -0.000272039565517241 2.58620689655172 25140.275862069 0.0000836875122543384 NA NA NA NA NA 731.310854905397 0.00154013424433293 3.32218991221271 14886.9526693116 0.0000787524793600812 NA 0 NA 10253.3231927573 NA 0.00000493503289425723
"12123" 7400 NA NA NA NA NA 370.157894736842 0.000171983328947368 1.89473684210526 22519.3157894737 0.0000535824973777459 NA NA NA NA NA 724.299345549211 0.000885137319427144 4.35449114962007 14292.837002263 0.0000939637605705746 NA 0 NA 8226.47878721072 NA 0
"12123" 7600 NA NA NA NA NA 618.5 -0.0000597537 2.25 24644.375 0.0000774344753357287 NA NA NA NA NA 917.200608657528 0.00131477139547413 3.28699677914156 15137.1965350331 0.0000887810918265336 NA 0 NA 9507.17846496692 NA 0
"12123" 7800 NA NA NA NA NA 495.75 0.000113973742857143 3.28571428571429 27151.8571428571 0.0000970938085694794 NA NA NA NA NA 905.718443087115 0.00139812684690477 6.51981107915992 14861.6330758951 0.000146510899994249 NA 0 NA 12290.224066962 NA 0
"12123" 8000 NA NA NA NA NA 737 0.000167823314285714 3.85714285714286 31112.8095238095 0.000121415536197811 NA NA NA NA NA 1069.36967415389 0.00110921800751943 5.14087263298474 13008.5989853598 0.000114741299261478 NA 0 NA 18104.2105384497 NA 0.00000667423693633242
"12123" 8200 NA NA NA NA NA 621.107142857143 -0.000164582571428571 3.25 26594.6071428571 0.000102676282952302 NA NA NA NA NA 1040.83610761255 0.0009413491435611 6.13807184105285 15000.4316440099 0.000142363342703465 NA 0 NA 11594.1754988472 NA 0
"12123" 8400 NA NA NA NA NA 572.8125 -0.000120705915625 2.84375 26813.65625 0.0000950740185457559 NA NA NA NA NA 1021.96819714106 0.00108601547943556 4.71859311317917 15985.557838066 0.000115635297923064 NA 0 NA 10828.098411934 NA 0
"12123" 8600 NA NA NA NA NA 542.078947368421 -0.000312853376315789 2.65789473684211 23635.1578947368 0.0000834456291889868 NA NA NA NA NA 1023.88360776385 0.00113550332953677 5.26218696591977 15846.2073858364 0.000119018241756235 NA 0 NA 7788.95050890045 NA 0
"12123" 8800 NA NA NA NA NA 886.333333333333 -0.0000231352857142857 2.61904761904762 24320.8095238095 0.000100298020561963 NA NA NA NA NA 1188.48720368935 0.000985417361433578 2.74729303999756 14007.6658141856 0.000103926775277284 NA 0 NA 10313.1437096239 NA 0
"12123" 9000 NA NA NA NA NA 737.076923076923 -0.000296104076923077 2.42307692307692 22031.8846153846 0.000124088659115088 NA NA NA NA NA 1154.67647150453 0.00114002092241639 2.38617814796929 14457.1567310503 0.000156460600829112 NA 0 NA 7574.72788433429 NA 0
"12123" 9200 NA NA NA NA NA 722.285714285714 0.0000967612214285714 3.14285714285714 23382.2857142857 0.000109186323684874 NA NA NA NA NA 1182.85924328214 0.00112103738096026 3.80753916557066 13286.2215760236 0.000110290031122761 NA 0 NA 10096.0641382621 NA 0
"12123" 9400 NA NA NA NA NA 799.206896551724 -0.000109530106896552 2.68965517241379 22542.7586206897 0.000135231483461388 NA NA NA NA NA 1230.57867860469 0.000934661894051119 2.87977489541732 13751.834910438 0.00016704805935465 NA 0 NA 8790.92371025167 NA 0
"12123" 9600 NA NA NA NA NA 740.575757575758 -0.000319936746060606 2.51515151515152 24990.7272727273 0.000107984304117689 NA NA NA NA NA 1252.16435198976 0.00115562119360761 2.94874138533303 13082.7324895087 0.000129870235736579 NA 0 NA 11907.9947832186 NA 0
"12123" 9800 NA NA NA NA NA 996.925925925926 -0.000112286854444444 2.74074074074074 23840.8518518519 0.000106384219554984 NA NA NA NA NA 1406.12114933589 0.00100036396280324 3.21765075066831 15451.2258256641 0.000111300721747923 NA 0 NA 8389.62602618774 NA 0
"12123" 10000 NA NA NA NA NA 1141.79166666667 0.0000366535375 2.54166666666667 21884.2916666667 0.000131459119806972 NA NA NA NA NA 1527.30948371899 0.00103642569301574 3.0924756744559 12441.6131223063 0.000136204292453114 NA 0 NA 9442.67854436034 NA 0
"12123" 10200 NA NA NA NA NA 836.621621621622 0.000232968105675676 3.54054054054054 26493.0810810811 0.000125846111995959 NA NA NA NA NA 1399.91750454072 0.00102926829769487 4.03866448356518 13896.9610254632 0.000116532615318371 NA 0 NA 12596.1200556179 NA 0.00000931349667758857
"12123" 10400 NA NA NA NA NA 952.852941176471 0.0000592302294117647 3.38235294117647 29826.6176470588 0.000123851047146594 NA NA NA NA NA 1497.66464936607 0.00114742188781476 2.70817735736242 13723.1842272202 0.000104847271128348 NA 0 NA 16103.4334198386 NA 0.0000190037760182466
"12123" 10600 NA NA NA NA NA 1028.09677419355 0.0000497112387096774 3.32258064516129 27632.6129032258 0.000121550956013959 NA NA NA NA NA 1623.48249872178 0.0011599415859635 2.34360259393088 15744.155778526 0.0000750042339044444 NA 0 NA 11888.4571246998 NA 0.000046546722109515
"12123" 10800 NA NA NA NA NA 1002.26470588235 0.000172202052941176 3 25180.2941176471 0.000125317467728372 NA NA NA NA NA 1652.55936140249 0.000784442148151263 2.33549683248457 13947.448921793 0.000106108883311824 NA 0 NA 11232.8451958541 NA 0.0000192085844165484
"12123" 11000 NA NA NA NA NA 990.064516129032 -0.000113040922580645 4.03225806451613 25877.8709677419 0.000184791618494745 NA NA NA NA NA 1751.39095074903 0.00133907701975659 3.18835245822187 14397.6732512397 0.000174009029401512 NA 0 NA 11480.1977165023 NA 0.0000107825890932328
"12123" 11200 NA NA NA NA NA 1277.08 0.0002562107308 3.16 23585.92 0.000138496973558139 NA NA NA NA NA 1968.77550607816 0.000825313148902829 3.36253872344493 13498.7159695531 0.000115607809173302 NA 0 NA 10087.2040304469 NA 0.0000228891643848366
"12123" 11400 NA NA NA NA NA 854.268292682927 0.000211996031707317 3.21951219512195 23624.6097560976 0.000135739146498592 NA NA NA NA NA 1703.4570588129 0.00106525257826839 2.70658636590403 13179.3993544434 0.0000959881292847518 NA 0 NA 10445.2104016542 NA 0.0000397510172138407
"12123" 11600 NA NA NA NA NA 933.868421052632 0.000333273715789474 2.89473684210526 23223.3947368421 0.000129928332456712 NA NA NA NA NA 1795.16833767684 0.00106845533697115 2.68921242046622 14301.9867652913 0.000111468884282662 NA 0 NA 8921.40797155085 NA 0.0000184594481740504
"12123" 11800 NA NA NA NA NA 1056.6 -0.000118183814285714 2.82857142857143 21851.1142857143 0.000129022499588645 NA NA NA NA NA 1922.42358067347 0.00134275400741948 2.82307419299594 15156.6552878914 0.000129512699303557 NA 0 NA 6694.45899782288 NA 0
"12123" 12000 NA NA NA NA NA 1043.55882352941 0.000260958029411765 2.91176470588235 26297 0.000118662698775373 NA NA NA NA NA 2027.24682970677 0.000963618244515178 2.41670508298189 15653.174910793 0.0000967173498090575 NA 0 NA 10643.825089207 NA 0.0000219453489663151
"12123" 12200 NA NA NA NA NA 858.885714285714 0.000154527265714286 3.65714285714286 25879.1714285714 0.000155321389543796 NA NA NA NA NA 1902.67169390568 0.000939788445696473 2.47270817410501 14479.3928932805 0.000121646266487685 NA 0 NA 11399.7785352909 NA 0.0000336751230561105
"12123" 12400 NA NA NA NA NA 974.545454545455 0.0000569920606060606 3.3030303030303 25946.8484848485 0.00013584348083951 NA NA NA NA NA 2011.58507294169 0.000911395097272375 2.96315761145151 15489.5974833136 0.000135916845342166 NA 0 NA 10457.2510015349 NA 0
"12123" 12600 NA NA NA NA NA 933.806451612903 0.000193386170967742 3.25806451612903 24631.6451612903 0.000146781894531029 NA NA NA NA NA 1990.63670583652 0.00085451903352775 2.65791574904703 12975.0602042236 0.000141601469647454 NA 0 NA 11656.5849570668 NA 0.00000518042488357562
"12123" 12800 NA NA NA NA NA 911.794117647059 0.000325156185294118 4.05882352941176 27616.8823529412 0.000149373892771613 NA NA NA NA NA 1976.80865828727 0.0011629288028772 3.05446693728132 16096.8588819225 0.000120436554438749 NA 0 NA 11520.0234710187 NA 0.0000289373383328636
"12123" 13000 NA NA NA NA NA 1026.96774193548 0.000315123764516129 3.87096774193548 25277.6129032258 0.000156851394839675 NA NA NA NA NA 2111.04223049297 0.00109768191833835 2.92964088224559 14530.4085803472 0.000112861586370056 NA 0 NA 10747.2043228786 NA 0.0000439898084696192
"12123" 13200 NA NA NA NA NA 905.552631578947 0.000226712194736842 3.21052631578947 25288.2105263158 0.000131802113178689 NA NA NA NA NA 1997.94254573898 0.000823711638650653 2.56965551100429 15809.8453796188 0.00013641755315253 NA 0 NA 9478.36514669699 NA 0
"12123" 13400 NA NA NA NA NA 1119.53125 -0.00007099303125 4.0625 28335.25 0.000143961568227361 NA NA NA NA NA 2205.44442137319 0.000755767761572225 3.21224973921655 15460.8489980963 0.000126229628296762 NA 0 NA 12874.4010019037 NA 0.0000177319399305988
"12123" 13600 NA NA NA NA NA 958.30303030303 -0.000198458090909091 4.24242424242424 29473.8484848485 0.000158525554125362 NA NA NA NA NA 1943.26353212914 0.000965386043850411 2.68130452194337 14356.1871877625 0.000105000562153075 NA 0 NA 15117.661297086 NA 0.0000535249919722878
"12123" 13800 NA NA NA NA NA 1119.23333333333 -0.0000718920566666666 3.8 26288.9666666667 0.000159887354273113 NA NA NA NA NA 2081.21722810828 0.0011436550450922 2.88157045304502 14304.3936907832 0.000122599176308473 NA 0 NA 11984.5729758834 NA 0.0000372881779646398
"12123" 14000 NA NA NA NA NA 995.473684210526 0.0000504490921052632 3.86842105263158 25980.7894736842 0.000159529641331864 NA NA NA NA NA 1942.96545067894 0.00136570257049102 2.59074290328009 13227.8707202754 0.0000987631650216742 NA 0 NA 12752.9187534088 NA 0.0000607664763101902
"12123" 14200 NA NA NA NA NA 881.394736842105 0.0000633961247368421 4.5 27830.2368421053 0.00015898253707127 NA NA NA NA NA 1831.46028783523 0.000876237158353302 3.20261717299411 14309.9128926924 0.000110357327961779 NA 0 NA 13520.3239494129 NA 0.0000486252091094915
"12123" 14400 NA NA NA NA NA 792.275 -0.00011990657 3.575 26774.025 0.000136072002619846 NA NA NA NA NA 1822.70051814503 0.00134201111296122 2.81832374257265 14694.1158317295 0.000108260048253314 NA 0 NA 12079.9091682706 NA 0.0000278119543665318
"12123" 14600 NA NA NA NA NA 1174.93103448276 -0.0000348243310344828 4.68965517241379 29626.4137931034 0.000168749610573662 NA NA NA NA NA 2122.64731831057 0.000894552843001331 2.68731741274589 14181.5888151737 0.0000989273858663532 NA 0 NA 15444.8249779297 NA 0.0000698222247073088
"12123" 14800 NA NA NA NA NA 982.393939393939 -0.0000670431121212121 4.6969696969697 31534.7878787879 0.00014375719734745 NA NA NA NA NA 2014.16926019442 0.00113402891266021 3.57495496898954 12502.1028925077 0.000101917372897909 NA 0 NA 19032.6849862802 NA 0.0000418398244495411
"12123" 15000 NA NA NA NA NA 1006.88235294118 -0.000254356273529412 5.32352941176471 31555.1764705882 0.000164996207440867 NA NA NA NA NA 2045.56480701031 0.000813817744891697 3.63251802002074 13566.635702006 0.000093080561306137 NA 0 NA 17988.5407685822 NA 0.0000719156461347304
"12123" 15200 NA NA NA NA NA 1133.5 -0.000401827956666667 5.3 32687.4 0.000157706072545219 NA NA NA NA NA 2212.16888034626 0.0014546164146342 3.89650595029568 13941.1650173642 0.0000989997855391284 NA 0 NA 18746.2349826358 NA 0.0000587062870060902
"12123" 15400 NA NA NA NA NA 835.842105263158 -0.0000937795078947368 4.94736842105263 29960.9736842105 0.000162375020578331 NA NA NA NA NA 1998.70124758508 0.00120832383149274 3.6163844003186 13494.2849254022 0.0000954834950972013 NA 0 NA 16466.6887588083 NA 0.0000668915254811294
"12123" 15600 NA NA NA NA NA 1165.48275862069 -0.000153182996551724 4.93103448275862 30983.5862068966 0.000149118083817463 NA NA NA NA NA 2296.85148815083 0.00085152494373775 3.62462839950287 12918.4786712601 0.0000903710322726313 NA 0 NA 18065.1075356364 NA 0.0000587470515448314
"12123" 15800 NA NA NA NA NA 1279.58620689655 0.0000208328068965517 4.62068965517241 28191.4827586207 0.000148101290572967 NA NA NA NA NA 2343.07036839091 0.000717034026306151 4.84335917301388 13990.4005421592 0.000110143735554958 NA 0 NA 14201.0822164615 NA 0.0000379575550180087
"12123" 16000 NA NA NA NA NA 1163.09090909091 -0.0000084308909090909 5.09090909090909 30237.7272727273 0.000157122902989652 NA NA NA NA NA 2272.53002405409 0.00145049125502173 5.94434414151194 13341.598534454 0.000138490048051669 NA 0 NA 16896.1287382733 NA 0.0000186328549379823
"12123" 16200 NA NA NA NA NA 1228 0.000238320929 4.96666666666667 24763.2 0.000181155465983962 NA NA NA NA NA 2429.19820744098 0.00102694403753463 5.8750397406335 13589.938259229 0.000147322703114928 NA 0 NA 11173.261740771 NA 0.0000338327628690332
"12123" 16400 NA NA NA NA NA 1068.02857142857 -0.0000384168122857143 4.71428571428571 26274.6571428571 0.000182775718305342 NA NA NA NA NA 2336.36610101739 0.00108064791809866 4.48901553842284 13400.0401271191 0.000132723918628409 NA 0 NA 12874.617015738 NA 0.0000500517996769328
"12123" 16600 NA NA NA NA NA 1230.66666666667 0.0000518061111111111 5.55555555555556 27838.2962962963 0.000181680831361423 NA NA NA NA NA 2666.04615056137 0.00115576144795261 5.07128669254152 15005.9343179619 0.000115265751870283 NA 0 NA 12832.3619783344 NA 0.0000664150794911404
"12123" 16800 NA NA NA NA NA 1068.18181818182 0.0000138546151515152 5.63636363636364 27598 0.000195621810056728 NA NA NA NA NA 2503.32127450895 0.00109542747808096 5.6668894786855 14651.1641922238 0.000152924007472321 NA 0 NA 12946.8358077762 NA 0.0000426978025844077
"12123" 17000 NA NA NA NA NA 1130.66666666667 0.000278747403703704 4.88888888888889 23880.3333333333 0.000232141805080433 NA NA NA NA NA 2729.06777546416 0.00122193764004706 4.99486916232227 14605.4271446241 0.000172201928477303 NA 0 NA 9274.90618870921 NA 0.0000599398766031303
"12123" 17200 NA NA NA NA NA 1184.80769230769 0.0000871201615384615 5.07692307692308 26476.1153846154 0.000190093157601892 NA NA NA NA NA 2839.14849233682 0.00143541998134672 4.16579478057263 15196.7040066639 0.000109701367999679 NA 0 NA 11279.4113779515 NA 0.0000803917896022138
"12123" 17400 NA NA NA NA NA 1314.83333333333 0.000254037033333333 5.125 24832.2083333333 0.000208060486042525 NA NA NA NA NA 3001.74049028468 0.00128141171174023 4.15265760897661 13875.3379370649 0.000101046909856711 NA 0 NA 10956.8703962684 NA 0.000107013576185813
"12123" 17600 NA NA NA NA NA 1086.93333333333 0.0000712391266666667 4.26666666666667 23903.0333333333 0.000172413827678165 NA NA NA NA NA 2780.44285648184 0.00130388775784998 3.28983107556408 16041.0337797471 0.0000765780689613023 NA 0 NA 7861.9995535862 NA 0.0000958357587168627
"12123" 17800 NA NA NA NA NA 1055.28125 0.000140086303125 5.0625 29910.125 0.000157437119260706 NA NA NA NA NA 2755.04221891865 0.000854067532415678 4.00755335222973 14014.1136502893 0.000096407553068898 NA 0 NA 15896.0113497107 NA 0.0000610295661918085
"12123" 18000 NA NA NA NA NA 1232.76923076923 0.000116526992307692 4.61538461538461 26183.1538461538 0.000155691798351693 NA NA NA NA NA 3073.34933006572 0.000701449323306131 3.85825787709347 15521.9133941465 0.000111154060006978 NA 0 NA 10661.2404520073 NA 0.000044537738344715
"12123" 18200 NA NA NA NA NA 935.333333333333 -0.00060770041 4 25046.3333333333 0.000163225553018082 NA NA NA NA NA 2825.61803228388 0.00146554281551409 3.84169502819461 15670.449216397 0.000121534249776822 NA 0 NA 9375.88411693631 NA 0.0000416913032412604
"12123" 18400 NA NA NA NA NA 678.117647058824 -0.000574498911764706 4 23662.5 0.000165967131328951 NA NA NA NA NA 2487.88164442138 0.00153522660840665 3.41121146168977 14438.4031251046 0.000112983552294687 NA 0 NA 9224.0968748954 NA 0.000052983579034264
"12123" 18600 NA NA NA NA NA 644.921052631579 -0.000497282826315789 4.60526315789474 24963.6052631579 0.000187360027991004 NA NA NA NA NA 2398.28126950383 0.00122236117596309 2.96410483897648 13715.04300875 0.000103994941989464 NA 0 NA 11248.5622544079 NA 0.0000833650860015408
"12123" 18800 NA NA NA NA NA 915.714285714286 -0.000115042710714286 4.82142857142857 26981.6071428571 0.00018432502112803 NA NA NA NA NA 2816.66323283345 0.00105305059435524 3.32280082024266 13523.4463784591 0.000109874574151614 NA 0 NA 13458.1607643981 NA 0.0000744504469764166
"12123" 19000 NA NA NA NA NA 1051.80769230769 -0.000184121461538462 5.19230769230769 24703.1923076923 0.000259883581852189 NA NA NA NA NA 2958.9242101714 0.00127425371452449 3.49879099997963 13816.0158049106 0.000250423059865301 NA 0 NA 10887.1765027817 NA 0.00000946052198688723
"12123" 19200 NA NA NA NA NA 1221.66666666667 0.0000534974166666667 5.04166666666667 24202.75 0.000259799999512063 NA NA NA NA NA 3111.00260179991 0.00102975843877902 3.59322026656563 15828.2824365534 0.000252988979512264 NA 0 NA 8374.46756344661 NA 0.00000681101999979925
"12123" 19400 NA NA NA NA NA 760.236842105263 -0.0000766085605263158 4.89473684210526 25146.3421052632 0.000248073823695098 NA NA NA NA NA 2535.43379127859 0.00171786138889692 3.25318533037101 14644.9481563242 0.000226299304124028 NA 0 NA 10501.393948939 NA 0.0000217745195710703
"12123" 19600 NA NA NA NA NA 881.59375 0.000071426884375 4.84375 22136.1875 0.000278965991798996 NA NA NA NA NA 2789.83498019755 0.00128495055174576 3.25387486128511 13687.8352383456 0.000236514548699672 NA 0 NA 8448.35226165436 NA 0.0000424514430993241
"12123" 19800 NA NA NA NA NA 1076.1724137931 0.000332714127586207 5.37931034482759 22647.1034482759 0.000268547385572117 NA NA NA NA NA 2953.34490836801 0.000797551930003777 4.94551595678527 15704.1884480015 0.000255393090944004 NA 0 NA 6942.91500027433 NA 0.0000131542946281128
"12123" 20000 NA NA NA NA NA 1092.16 0.0000913095228 5.24 23632.56 0.000204030383521796 NA NA NA NA NA 3216.84815567454 0.000677134149565349 4.96890329952194 14547.7739994818 0.00012762974610464 NA 0 NA 9084.78600051816 NA 0.0000764006374171557
"12123" 20200 NA NA NA NA NA 790.083333333333 -0.000150138986111111 4.16666666666667 19106.75 0.000208825954755882 NA NA NA NA NA 2749.97717782738 0.00127344707868917 3.82099463490856 15031.2511243837 0.000169706067450021 NA 0 NA 4075.49887561632 NA 0.0000391198873058606
"12123" 20400 NA NA NA NA NA 382.277777777778 -0.0000599933416666667 5.02777777777778 22223.6944444444 0.000236163031889331 NA NA NA NA NA 743.079330935461 0.00131457859079961 4.32590939150279 15013.5991893434 0.000169225240973755 NA 0 NA 7210.09525510101 NA 0.0000669377909155757
"12123" 20600 NA NA NA NA NA 533.666666666667 -0.000139794796296296 5.55555555555556 24094.4814814815 0.00024675301892535 NA NA NA NA NA 901.963285966102 0.00163462517652044 4.0887588236467 13969.1977727107 0.000134261986747474 NA 0 NA 10125.2837087708 NA 0.000112491032177876
"12123" 20800 NA NA NA NA NA 509.466666666667 0.0000959202266666667 5.53333333333333 22323.7666666667 0.000248480059942877 NA NA NA NA NA 943.540973045735 0.000982561496458738 4.68109428212687 14586.8164253355 0.00017235510051915 NA 0 NA 7736.95024133119 NA 0.0000761249594237273
"12123" 21000 NA NA NA NA NA 612.481481481482 0.000220877511111111 6.18518518518519 25883.5925925926 0.00024650750936275 NA NA NA NA NA 1052.14664707519 0.00105116421329363 4.00035610950438 13398.8181489702 0.000123176124947263 NA 0 NA 12484.7744436224 NA 0.000123331384415487
"12123" 21200 NA NA NA NA NA 565.969696969697 -0.000137962936363636 5.3030303030303 21390.3333333333 0.000269641414568305 NA NA NA NA NA 1040.73935512357 0.000956579802147537 3.60975110365009 14453.4098802555 0.000153085280885914 NA 0 NA 6936.92345307785 NA 0.000116556133682391
"12123" 21400 NA NA NA NA NA 575.388888888889 -0.0000753662894444444 6.58333333333333 24192.6944444444 0.000273996771449445 NA NA NA NA NA 1075.611275449 0.000825659431064227 4.58179627906536 14477.8706165542 0.000179308278015519 NA 0 NA 9714.82382789028 NA 0.0000946884934339262
"12123" 21600 NA NA NA NA NA 605.305555555556 -0.000226419408333333 5.83333333333333 25025.9722222222 0.000267464886661515 NA NA NA NA NA 1146.3842990512 0.00110391737448139 4.28619044973839 15870.248672975 0.000275046548559412 NA 0 NA 9155.72354924726 NA 0
"12123" 21800 NA NA NA NA NA 772.233333333333 -0.000130371183333333 6.76666666666667 27639.7333333333 0.0002839117473386 NA NA NA NA NA 1303.48484332638 0.000806567975245568 4.96667052379701 15603.3616977645 0.00020500312884938 NA 0 NA 12036.3716355688 NA 0.0000789086184892199
"12123" 22000 NA NA NA NA NA 990.555555555556 0.0000813475925925926 7.37037037037037 28785.962962963 0.000277862865517967 NA NA NA NA NA 1393.97159041058 0.000962394020814221 4.82898419122369 13996.0013698459 0.00017388397330449 NA 0 NA 14789.961593117 NA 0.000103978892213476
"12123" 22200 NA NA NA NA NA 767.486486486486 0.0000887393202432433 6.91891891891892 28141.4594594595 0.000255048448833341 NA NA NA NA NA 1319.32915658808 0.000930642041507155 4.64505937277195 14791.6156066623 0.000140312659223304 NA 0 NA 13349.8438527972 NA 0.000114735789610037
"12123" 22400 NA NA NA NA NA 984.966666666667 0.0000311518466666667 7.53333333333333 28815.5 0.000267495557663964 NA NA NA NA NA 1495.89022009461 0.000718381648537079 4.37653093082932 14471.9233827626 0.000138829013389283 NA 0 NA 14343.5766172374 NA 0.000128666544274681
"12123" 22600 NA NA NA NA NA 1081.33333333333 0.000191123106666667 6.5 24141.6 0.00023635728588655 NA NA NA NA NA 1559.27512631358 0.000798154477916983 5.98129267541436 15601.4637920668 0.000204108955049511 NA 0 NA 8540.13620793316 NA 0.0000322483308370385
"12123" 22800 NA NA NA NA NA 1165.26666666667 0.0000773845766666667 7.66666666666667 26621 0.000278631038455851 NA NA NA NA NA 1634.70490711117 0.000990144417133128 5.93257130583785 14166.3344296404 0.000194995669920806 NA 0 NA 12454.6655703596 NA 0.0000836353685350449
"12123" 23000 NA NA NA NA NA 946.861111111111 0.000110644152777778 7.52777777777778 26474.6388888889 0.000304227379268753 NA NA NA NA NA 1493.9834795946 0.00118134249700161 5.63400953957867 13459.9874552113 0.000198461487255419 NA 0 NA 13014.6514336776 NA 0.000105765892013334
"12123" 23200 NA NA NA NA NA 844.9 -0.000190278245 7.425 25282.8 0.000286926336769292 NA NA NA NA NA 1512.19297032065 0.00133545189863379 6.3402964421515 14146.3780527122 0.000193034276528461 NA 0 NA 11136.4219472878 NA 0.0000938920602408309
"12123" 23400 NA NA NA NA NA 968.888888888889 0.000107690325 7.58333333333333 23720.6944444444 0.000303700038354932 NA NA NA NA NA 1646.27345025542 0.000943551984389377 7.43495604752116 14859.5487968789 0.000226562240091924 NA 0 NA 8861.14564756554 NA 0.0000771377982630073
"12123" 23600 NA NA NA NA NA 1015.63157894737 0.000136813010394737 8.10526315789474 23540.7631578947 0.000319782827287949 NA NA NA NA NA 1675.00763081848 0.00101098412663664 6.6972744504023 13782.2784889798 0.000193832036154266 NA 0 NA 9758.48466891494 NA 0.000125950791133682
"12123" 23800 NA NA NA NA NA 1212.94444444444 -0.0000730250555555555 7.44444444444444 21431.2777777778 0.000302171373871023 NA NA NA NA NA 1742.89216032997 0.00108348106832448 7.79906384288504 14117.5565077391 0.000243120254567927 NA 0 NA 7313.72127003869 NA 0.0000590511193030955
"12123" 24000 NA NA NA NA NA 1183.23684210526 -0.000108133740526316 8.89473684210526 27833.1578947368 0.000320406828018107 NA NA NA NA NA 1791.27477533966 0.000885346663289125 7.92801898736446 13385.4389957719 0.000198300750273629 NA 0 NA 14447.718898965 NA 0.000122106077744478
"12123" 24200 NA NA NA NA NA 1282.69696969697 -0.000272596787878788 8.72727272727273 26467 0.00033386880107028 NA NA NA NA NA 1971.08636741342 0.00139206177364635 8.17111041747359 14279.2522256945 0.000238963203940558 NA 0 NA 12187.7477743055 NA 0.0000949055971297221
"12123" 24400 NA NA NA NA NA 1544.82142857143 -0.000100811357142857 10.0714285714286 24714.2857142857 0.000366048483190977 NA NA NA NA NA 2143.20741039412 0.00104363381303924 8.21438923330216 14329.3175068333 0.000235295225952444 NA 0 NA 10384.9682074524 NA 0.000130753257238533
"12123" 24600 NA NA NA NA NA 1306 -0.000433603952777778 8.55555555555556 24563.3055555556 0.000325173662196969 NA NA NA NA NA 2050.52136924107 0.0013483690837413 8.06560402288435 13702.4043475577 0.000244063250384347 NA 0 NA 10860.9012079979 NA 0.0000811104118126222
"12123" 24800 NA NA NA NA NA 1488.09375 -0.0003683944375 10.03125 28862.0625 0.000338760973077348 NA NA NA NA NA 2214.97738078271 0.000854268745163274 8.41842976316958 14655.2462409563 0.000273719468336463 NA 0 NA 14206.8162590437 NA 0.0000650415047408852
"12123" 25000 NA NA NA NA NA 1154.16279069767 -0.0000996136744186047 8.02325581395349 23403.8372093023 0.000340814523241598 NA NA NA NA NA 2080.85963154691 0.00100079733210352 6.9057890556127 14761.3978447168 0.000213558795500891 NA 0 NA 8642.43936458548 NA 0.000127255727740708
"12123" 25200 NA NA NA NA NA 1730.26666666667 -0.000338258763333333 10.1 27211.0666666667 0.000347160874031203 NA NA NA NA NA 2405.86268036678 0.00131416920859787 7.49873552559087 12008.0647122396 0.00019417312869515 NA 0 NA 15203.0019544271 NA 0.000152987745336053
"12123" 25400 NA NA NA NA NA 1243.63888888889 -0.000232644075 8.61111111111111 25979.8888888889 0.000317291494494866 NA NA NA NA NA 2076.35893061151 0.00104705355892878 5.85675569761855 13251.2564531557 0.000190299272735686 NA 0 NA 12728.6324357332 NA 0.00012699222175918
"12123" 25600 NA NA NA NA NA 1298.08571428571 -0.000188337785714286 8.8 22555.3142857143 0.000376484825105759 NA NA NA NA NA 2169.05227842821 0.00115490849850251 7.31959497432988 13493.4867485618 0.000255846849586495 NA 0 NA 9061.82753715247 NA 0.000120637975519264
"12123" 25800 NA NA NA NA NA 1539.40740740741 0.00000254428888888888 9.14814814814815 24341.6296296296 0.00037061695445864 NA NA NA NA NA 2337.45665956134 0.0011679344959721 6.67776853391854 14030.2812739724 0.000172266556083991 NA 0 NA 10311.3483556572 NA 0.000198350398374648
"12123" 26000 NA NA NA NA NA 1085.18181818182 -0.000266224821212121 8.75757575757576 25494.8484848485 0.000334996643874696 NA NA NA NA NA 1878.32594107335 0.00109865432811379 6.42762739581208 14081.0006949107 0.000181608296637882 NA 0 NA 11413.8477899378 NA 0.000153388347236814
"12123" 26200 NA NA NA NA NA 1419.88461538462 -0.000510003765 9.30769230769231 26383.8461538462 0.000368223086495025 NA NA NA NA NA 2105.41660156698 0.00115689329620279 6.11731464464094 13816.0639248443 0.00020776581566738 NA 0 NA 12567.7822290018 NA 0.000160457270827645
"12123" 26400 NA NA NA NA NA 1103.34375 -0.0003294492125 8.75 25567.75 0.000327706332574624 NA NA NA NA NA 1881.37294770249 0.000604975816951395 6.62351626720547 12926.8380062067 0.000202158206589692 NA 0 NA 12640.9119937933 NA 0.000125548125984932
"12123" 26600 NA NA NA NA NA 1207.09375 -0.00035203825625 8.46875 24881.53125 0.000342044167806324 NA NA NA NA NA 1938.52553477945 0.000791436624976064 6.01065921455778 12821.2545156015 0.000189014408084667 NA 0 NA 12060.2767343985 NA 0.000153029759721657
"12123" 26800 NA NA NA NA NA 919.393939393939 -0.000317126100909091 6.36363636363636 24172.3333333333 0.000247786922261339 NA NA NA NA NA 1697.63460326777 0.000887636348070204 5.2667481773516 14127.7310538234 0.000164832563205203 NA 0 NA 10044.6022795099 NA 0.0000829543590561358
"12123" 27000 NA NA NA NA NA 765.666666666667 -0.000214696575757576 6.06060606060606 20871.4545454545 0.000257284143773931 NA NA NA NA NA 1649.34596254596 0.00128621613002105 5.84668385678686 12989.4647361114 0.000198083359429483 NA 0 NA 7881.98980934314 NA 0.0000592007843444478
"12123" 27200 NA NA NA NA NA 1541.625 -0.000342521325 6.625 20389.75 0.000326836149863667 NA NA NA NA NA 2235.66264226068 0.00101058753337085 7.65832879941832 12725.0227688074 0.000263166551224196 NA 0 NA 7664.7272311926 NA 0.0000636695986394708
"12123" 27400 NA NA NA NA NA 921.392857142857 0.000118034581785714 8.35714285714286 24246.3928571429 0.000369800647465071 NA NA NA NA NA 1882.38438903834 0.000782831949929344 6.41880504463706 12951.591792172 0.000247467030703443 NA 0 NA 11294.8010649708 NA 0.000122333616761629
"12123" 27600 NA NA NA NA NA 879.655172413793 -0.000478703237931034 7.41379310344828 22402.6551724138 0.000367521427387564 NA NA NA NA NA 1902.5057213329 0.000896834467435541 6.47807974953839 13848.1370208514 0.000255171916303447 NA 0 NA 8554.51815156237 NA 0.000112349511084117
"12123" 27800 NA NA NA NA NA 1086.26923076923 -0.000414736903846154 7.15384615384615 19693.5384615385 0.000367938042430691 NA NA NA NA NA 2035.5552276014 0.00115149916440331 6.52191571667287 12020.2361049383 0.000199025842557498 NA 0 NA 7673.30235660019 NA 0.000168912199873193
"12123" 28000 NA NA NA NA NA 1015.85714285714 -0.000196908467857143 7.96428571428571 22957 0.000367926632841916 NA NA NA NA NA 2048.46283315953 0.00102554904248485 5.91596798915251 11822.7168683069 0.000197669823368975 NA 0 NA 11134.2831316931 NA 0.000170256809472941
"12123" 28200 NA NA NA NA NA 876.27027027027 -0.000321686264864865 7.75675675675676 24634.8918918919 0.000340696161968653 NA NA NA NA NA 1869.63030583067 0.000979804388969225 5.96473621194417 13552.7204460207 0.00019256114792286 NA 0 NA 11082.1714458712 NA 0.000148135014045794
"12123" 28400 NA NA NA NA NA 1072.90909090909 0.0000324795260606061 6.03030303030303 17743.2121212121 0.000335938492129358 NA NA NA NA NA 2004.88137684684 0.000852863968182477 5.592879672432 12303.9699125871 0.000259097017112027 NA 0 NA 5439.24220862502 NA 0.0000768414750173314
"12123" 28600 NA NA NA NA NA 922.542857142857 -0.000128490231428571 7.05714285714286 21900.0571428571 0.000337994632206354 NA NA NA NA NA 2003.23118901405 0.000934125186627794 6.66396303721326 15596.4231173517 0.00023132483341581 NA 0 NA 6303.63402550545 NA 0.000106669798790545
"12123" 28800 NA NA NA NA NA 1039.30303030303 -0.000137740506060606 7.78787878787879 23998.7272727273 0.000343939425915317 NA NA NA NA NA 2111.5036183495 0.000760386808455975 6.6930821364188 14683.9443829662 0.000202451404173966 NA 0 NA 9314.78288976104 NA 0.000141488021741351
"12123" 29000 NA NA NA NA NA 1055.03333333333 -0.000168908083333333 7.4 22203.4666666667 0.000344285671801791 NA NA NA NA NA 2262.23608456298 0.00116214785368286 7.24735385716984 15194.143524065 0.00025252485779868 NA 0 NA 7009.32314260171 NA 0.0000917608140031116
"12123" 29200 NA NA NA NA NA 943.371428571429 -0.00000427879714285715 9.65714285714286 28425.5428571429 0.000341522156736076 NA NA NA NA NA 2180.2678746067 0.000829930878261307 7.03329417063984 14836.3473591496 0.000204474162081742 NA 0 NA 13589.1954979933 NA 0.000137047994654334
"12123" 29400 NA NA NA NA NA 1479.60869565217 0.0000778981434782609 8.47826086956522 21007.3913043478 0.000407615835068918 NA NA NA NA NA 2653.11517995408 0.000560327304049421 7.54904909856136 15490.4732445436 0.000293276270788468 NA 0 NA 5516.91805980423 NA 0.000114339564280449
"12123" 29600 NA NA NA NA NA 1073.8 -0.000179074757142857 9.91428571428571 27737.9142857143 0.000364687003552058 NA NA NA NA NA 2293.72055582961 0.000897361015806908 6.85724789835513 14189.5880891411 0.0001768507938127 NA 0 NA 13548.3261965732 NA 0.000187836209739359
"12123" 29800 NA NA NA NA NA 1062.34210526316 -0.000337584123684211 10 28526.5 0.000380426214235207 NA NA NA NA NA 2274.76744610409 0.000960132950424733 6.9243011160655 15241.7770187465 0.00021475015296821 NA 0 NA 13284.7229812535 NA 0.000165676061266997
"12123" 30000 NA NA NA NA NA 1108.27586206897 -0.000133895627586207 9.72413793103448 26241.7586206897 0.000378271757385978 NA NA NA NA NA 1830.92765123022 0.000821945409717506 7.62934443787434 14186.4742918215 0.000224078717885443 NA 0 NA 12055.2843288682 NA 0.000154193039500535
"12123" 30200 NA NA NA NA NA 1034.70588235294 -0.0002377849 7.20588235294118 20853.7647058824 0.000331441217449648 NA NA NA NA NA 1792.35789393869 0.000903909682937414 7.47431728620284 14868.0272805671 0.000226253670358962 NA 0 NA 5985.7374253153 NA 0.000105187547090686
"12123" 30400 NA NA NA NA NA 894.675 -0.0000576887625 7.875 23921.3 0.000306992779539942 NA NA NA NA NA 1734.54657324143 0.000894106211420704 7.04632109867561 16606.4734538781 0.000197864364472948 NA 0 NA 7314.82654612187 NA 0.000109128415066993
"12123" 30600 NA NA NA NA NA 985.638888888889 0.0000358814333333333 8.75 27558.8888888889 0.00029605795194578 NA NA NA NA NA 1870.39160380582 0.000684165799227422 6.90082810765698 16616.1688171109 0.000175680154352566 NA 0 NA 10942.7200717779 NA 0.000120377797593214
"12123" 30800 NA NA NA NA NA 1342.85185185185 0.00011252323 9.14814814814815 25023.5925925926 0.000343912789876983 NA NA NA NA NA 2154.07161340321 0.000659815133556232 6.50268408312293 14040.0780138619 0.000169420846031038 NA 0 NA 10983.5145787307 NA 0.000174491943845945
"12123" 31000 NA NA NA NA NA 1300.43333333333 0.000022396255 9.73333333333333 26955.3 0.000351843648753184 NA NA NA NA NA 2142.13864587727 0.000693899769630815 6.73607546303322 14137.3789531694 0.000194205512212595 NA 0 NA 12817.9210468306 NA 0.00015763813654059
"12123" 31200 NA NA NA NA NA 1812.77272727273 -0.0000263907409090909 12.1818181818182 28488.1818181818 0.000462197654624414 NA NA NA NA NA 2442.47676660624 0.000588340616370702 7.59471221835651 12638.554474443 0.000224686594374889 NA 0 NA 15849.6273437388 NA 0.000237511060249525
"12123" 31400 NA NA NA NA NA 701.088888888889 -0.000315366648888889 10.0888888888889 25976.0888888889 0.000376324801916917 NA NA NA NA NA 1510.72936662789 0.00123661263311773 7.41565365911321 14094.7515438488 0.000200673286796015 NA 0 NA 11881.3373450401 NA 0.000175651515120902
"12123" 31600 NA NA NA NA NA 941.783783783784 -0.000225214981081081 9.94594594594595 26130.0540540541 0.000349727362054595 NA NA NA NA NA 1689.16557531843 0.00102100002052062 7.42722449261254 14423.601050874 0.000180389514108677 NA 0 NA 11706.45300318 NA 0.000169337847945919
"12123" 31800 NA NA NA NA NA 1255.96428571429 -0.000213762792857143 11.8214285714286 28832.7142857143 0.000419182155401823 NA NA NA NA NA 1947.27751987691 0.00086517706652806 7.5574519095446 14345.4455796363 0.000158370223828822 NA 0 NA 14487.268706078 NA 0.000260811931573
"12123" 32000 NA NA NA NA NA 1015.23529411765 -0.000146153724117647 8.91176470588235 23168.5588235294 0.000389924498536169 NA NA NA NA NA 1910.23214611468 0.000707404482865076 7.32520615930312 14701.6695654469 0.000239917487738533 NA 0 NA 8466.88925808255 NA 0.000150007010797636
"12123" 32200 NA NA NA NA NA 1167.25 -0.000167871534375 9.25 21193.15625 0.000400223778344292 NA NA NA NA NA 2014.94114218049 0.000678657390838609 8.73997121129089 13629.7248288541 0.000259678790986224 NA 0 NA 7563.43142114589 NA 0.000140544987358068
"12123" 32400 NA NA NA NA NA 1396.64285714286 -0.00000305932178571428 9.17857142857143 21672.2142857143 0.00057408840909227 NA NA NA NA NA 2186.16886634343 0.000776820240161987 9.06786581705919 14578.2611429615 0.00097008878409795 NA 0 NA 7093.95314275279 NA 0
"12123" 32600 NA NA NA NA NA 1427.51851851852 -0.000225678598 9.74074074074074 22855.2222222222 0.000411362772950428 NA NA NA NA NA 2270.12043683167 0.000721934419297534 8.06985174104872 14042.1817374907 0.000223437990282651 NA 0 NA 8813.0404847315 NA 0.000187924782667777
"12123" 32800 NA NA NA NA NA 1424.46428571429 -0.000175824321428571 10 24751.7857142857 0.00038310160064299 NA NA NA NA NA 2333.55387024682 0.000687888417417957 9.1489728223284 14659.8672707779 0.000254010269355368 NA 0 NA 10091.9184435078 NA 0.000129091331287623
"12123" 33000 NA NA NA NA NA 1720.58333333333 -0.0000724522666666667 11.3333333333333 25466 0.000447070349389018 NA NA NA NA NA 2533.57461713282 0.000634507574502056 8.84979325067598 13472.8435009095 0.000238242492849035 NA 0 NA 11993.1564990905 NA 0.000208827856539983
"12123" 33200 NA NA NA NA NA 1176.32432432432 0.000069686054054054 10.3243243243243 26840.9459459459 0.000363372535713066 NA NA NA NA NA 2255.81417987256 0.000687740086328752 8.00018768548607 13730.6772329254 0.000175443823929043 NA 0 NA 13110.2687130206 NA 0.000187928711784023
"12123" 33400 NA NA NA NA NA 1507.70967741935 0.0000369865967741936 11.6129032258065 27370.064516129 0.00045197145535359 NA NA NA NA NA 2459.99347144863 0.000671743648166818 8.64360040474971 14170.6905240723 0.00026525209650071 NA 0 NA 13199.3739920567 NA 0.00018671935885288
"12123" 33600 NA NA NA NA NA 1438.2 -0.0000509117326666667 11.8666666666667 29067.1666666667 0.000376648283523591 NA NA NA NA NA 2428.19314689353 0.000657293719987975 8.23672739386946 14119.1721015552 0.000191290087074375 NA 0 NA 14947.9945651115 NA 0.000185358196449217
"12123" 33800 NA NA NA NA NA 1806.24 -0.000241003236 12.64 28800.56 0.000423470728054715 NA NA NA NA NA 2647.39801943972 0.000636814913558379 8.57263086805912 14456.7113713089 0.000210267726313209 NA 0 NA 14343.8486286911 NA 0.000213203001741505
"12123" 34000 NA NA NA NA NA 1243.74358974359 -0.000219978066666667 11.2307692307692 27560.7435897436 0.000381522113567554 NA NA NA NA NA 2336.49530300077 0.000522208721884693 8.30491781530849 12853.9031420481 0.000223235882720805 NA 0 NA 14706.8404476954 NA 0.000158286230846749
"12123" 34200 NA NA NA NA NA 1558.65625 -0.00011052523125 11.25 26841.84375 0.000395819962324986 NA NA NA NA NA 2592.77505598296 0.000598562821898128 7.84116515370911 13184.191570282 0.000202566413452027 NA 0 NA 13657.652179718 NA 0.000193253548872959
"12123" 34400 NA NA NA NA NA 1545.57575757576 -0.000208356593939394 11.4848484848485 26441.0909090909 0.000412929587464164 NA NA NA NA NA 2647.3008781387 0.000752772823437453 8.56636304142988 14048.5665780437 0.000237262022073924 NA 0 NA 12392.5243310472 NA 0.00017566756539024
"12123" 34600 NA NA NA NA NA 1898.46428571429 -0.0000568315428571429 11.1428571428571 25634.5357142857 0.000386985661019656 NA NA NA NA NA 2871.13459934677 0.000671947811788208 9.56348877033468 13725.5797434926 0.000237367788079595 NA 0 NA 11908.9559707931 NA 0.000149617872940061
"12123" 34800 NA NA NA NA NA 1942.5 -0.0000453989191666667 12.9166666666667 28828.375 0.000413453337157778 NA NA NA NA NA 2800.05038774538 0.000618172654080356 11.0410958288319 18334.4260004589 0.000301379620066771 NA 0 NA 10493.9489995411 NA 0.000112073717091007
"12123" 35000 NA NA NA NA NA 1788.69565217391 -0.00020052223 12.9565217391304 25103.2608695652 0.000438701081085518 NA NA NA NA NA 2898.16961726445 0.000812530091987018 11.2673230702754 18291.2561356448 0.000251566826955125 NA 0 NA 6812.00473392044 NA 0.000187134254130393
"12123" 35200 NA NA NA NA NA 1959.72727272727 -0.0000116763890909091 13.3636363636364 27119.8181818182 0.000477123674372239 NA NA NA NA NA 3012.80405984696 0.00103396801404005 10.9915355075555 17947.071066615 0.000229723970649733 NA 0 NA 9172.74711520316 NA 0.000247399703722506
"12123" 35400 NA NA NA NA NA 1908.375 -0.0000641165858333333 11.75 26361.25 0.000378429979983588 NA NA NA NA NA 2988.41954467575 0.000630258645635787 10.7389984149604 14926.5635675055 0.000259933832503803 NA 0 NA 11434.6864324945 NA 0.000118496147479785
"12123" 35600 NA NA NA NA NA 1500.45454545455 -0.000179534453333333 12.2121212121212 28613.2121212121 0.000398485702605847 NA NA NA NA NA 2723.65587367087 0.000916576139318596 9.84491485411877 14041.7813301001 0.000242146686717017 NA 0 NA 14571.430791112 NA 0.000156339015888829
"12123" 35800 NA NA NA NA NA 1826 -0.000204820228571429 12.8928571428571 26185.5 0.000443401038368411 NA NA NA NA NA 2967.55542242857 0.000720595483458402 10.0860713847779 14848.0926010343 0.000239080505160408 NA 0 NA 11337.4073989657 NA 0.000204320533208004
"12123" 36000 NA NA NA NA NA 1767.2 -0.000229305038666667 13.3666666666667 26814.3 0.000461932510464106 NA NA NA NA NA 2979.74180089484 0.000677520977152404 10.3340192579165 15403.6921305161 0.00021348731629107 NA 0 NA 11410.6078694839 NA 0.000248445194173036
"12123" 36200 NA NA NA NA NA 2115.82608695652 -0.000118852365652174 13.4782608695652 27362.9565217391 0.000508113415815331 NA NA NA NA NA 3210.0013119818 0.000731501136411762 10.299468500044 16582.9050900407 0.000331975239762365 NA 0 NA 10780.0514316985 NA 0.000176138176052966
"12123" 36400 NA NA NA NA NA 1727.06896551724 0.00000371793103448275 12.9655172413793 28279.724137931 0.000445818106189626 NA NA NA NA NA 3060.36373808075 0.00111104656989627 10.1082807589361 14427.3754367387 0.000252746042143379 NA 0 NA 13852.3487011923 NA 0.000193072064046247
"12123" 36600 NA NA NA NA NA 2101 -0.000187809912 14.28 30120.72 0.00044803024658334 NA NA NA NA NA 3282.8808613777 0.00120907785551884 10.1797183982007 16520.4174672837 0.00022716635131146 NA 0 NA 13600.3025327163 NA 0.00022086389527188
"12123" 36800 NA NA NA NA NA 1797.96774193548 -0.0000148358032258065 12.8387096774194 29789.3870967742 0.000428685444234987 NA NA NA NA NA 3110.39557488402 0.000865868981636072 9.60935923702702 15865.5078659702 0.000230611569117093 NA 0 NA 13923.879230804 NA 0.000198073875117894
"12123" 37000 NA NA NA NA NA 1725.32352941176 0.0000452772597058824 13.1764705882353 29017.8529411765 0.000425236808231185 NA NA NA NA NA 3072.85875899998 0.000722075411392836 11.2666592833989 16986.5847123499 0.000269211169514888 NA 0 NA 12031.2682288266 NA 0.000156025638716297
"12123" 37200 NA NA NA NA NA 962.733333333333 -0.000192349986666667 13.7 31733.3333333333 0.00041573214244134 NA NA NA NA NA 1895.87357597809 0.00057057452977337 8.96025707759279 15976.5604760123 0.000179433516730618 NA 0 NA 15756.772857321 NA 0.000236298625710722
"12123" 37400 NA NA NA NA NA 818.236842105263 0.0000337094178947368 10.8684210526316 25918.0526315789 0.000393265255525685 NA NA NA NA NA 1784.3744521913 0.000687469398426763 9.50155336555364 16116.07289021 0.000202503199308105 NA 0 NA 9801.97974136898 NA 0.000190762056217581
"12123" 37600 NA NA NA NA NA 852.823529411765 0.000119173385294118 9.58823529411765 22590.4705882353 0.000375082023491448 NA NA NA NA NA 1913.15760681667 0.000855864208433911 8.23929111050004 14827.9443664816 0.000199166547586743 NA 0 NA 7762.52622175373 NA 0.000175915475904705
"12123" 37800 NA NA NA NA NA 792.073170731707 0.0000328871048780488 11.3170731707317 25777.5853658537 0.000381202408489467 NA NA NA NA NA 1814.78689369088 0.000565481326754495 8.89224106845469 16419.3018684955 0.000208245343731425 NA 0 NA 9358.28349735814 NA 0.000172957064758042
"12123" 38000 NA NA NA NA NA 870.210526315789 -0.000064591052631579 9.86842105263158 24481 0.000364819431932888 NA NA NA NA NA 1941.92395762128 0.000738781063851402 8.43791652467495 15182.2287987402 0.000215976293579643 NA 0 NA 9298.77120125977 NA 0.000148843138353245
"12123" 38200 NA NA NA NA NA 674.921052631579 -0.00001905725 9.89473684210526 24765.5 0.000399482632751171 NA NA NA NA NA 1404.15871478318 0.000549240780186313 8.83723533166649 15465.7473037084 0.000273028007639729 NA 0 NA 9299.75269629165 NA 0.000126454625111442
"12123" 38400 NA NA NA NA NA 1012.75 -0.0000979734892857143 10.0714285714286 24189.9285714286 0.000359481891424875 NA NA NA NA NA 1629.47766284282 0.000491743967890373 9.71035556975157 16265.5978631762 0.000233854084215267 NA 0 NA 7924.33070825241 NA 0.000125627807209608
"12123" 38600 NA NA NA NA NA 709.302325581395 -0.000185828786046512 10.906976744186 24493.7906976744 0.000394118892747375 NA NA NA NA NA 1457.12998300612 0.000659137584049408 8.72275064056869 15199.6533318208 0.000202484466932546 NA 0 NA 9294.13736585364 NA 0.000191634425814829
"12123" 38800 NA NA NA NA NA 931.25 -0.000258869452777778 10.9722222222222 25270.6388888889 0.000385303175395496 NA NA NA NA NA 1611.32959074176 0.000679638054851265 8.84626187755875 16138.3952081502 0.000215131726170993 NA 0 NA 9132.24368073872 NA 0.000170171449224503
"12123" 39000 NA NA NA NA NA 944.333333333333 -0.0001579253 10.4615384615385 24006.1538461538 0.000408690671623381 NA NA NA NA NA 1629.64580157668 0.000586841417686678 8.41003834350779 15106.869999647 0.000215146412430546 NA 0 NA 8899.28384650684 NA 0.000193544259192834
"12123" 39200 NA NA NA NA NA 967.923076923077 -0.000175421251282051 11.2307692307692 23922.1794871795 0.000403958996893237 NA NA NA NA NA 1692.16276100043 0.000603731066278899 9.33995812698136 15224.2028187665 0.000206736843620997 NA 0 NA 8697.97666841303 NA 0.00019722215327224
"12123" 39400 NA NA NA NA NA 936.659090909091 -0.0000895245844545455 10.8636363636364 23855.7045454545 0.000411366300177368 NA NA NA NA NA 1676.63272653342 0.000545480788735781 8.83331671252442 14553.665286888 0.000208320164297959 NA 0 NA 9302.03925856652 NA 0.000203046135879409
"12123" 39600 NA NA NA NA NA 1097.23684210526 0.0000440812997368421 11.8421052631579 25813.7368421053 0.000431734142998709 NA NA NA NA NA 1850.81120905914 0.00076633583769515 8.7627168309201 14979.681697777 0.000212314950080696 NA 0 NA 10834.0551443283 NA 0.000219419192918012
"12123" 39800 NA NA NA NA NA 1418 -0.000119569670333333 12 22367.4 0.000462337935906065 NA NA NA NA NA 2049.99698906423 0.000657010480089706 11.2096017955052 15631.3171232272 0.000235024506923934 NA 0 NA 6736.08287677278 NA 0.000227313428982132
"12123" 40000 NA NA NA NA NA 1260.91428571429 -0.000179536037428571 11.4 23592.9714285714 0.000433347637738712 NA NA NA NA NA 2032.24161039607 0.000884714192451087 9.31854570829843 15955.899002242 0.00019369804281646 NA 0 NA 7637.07242632941 NA 0.000239649594922252
"12123" 40200 NA NA NA NA NA 1392.41176470588 0.0000567445320588235 11.3529411764706 24393.2058823529 0.000414987321628904 NA NA NA NA NA 2117.99633899084 0.000720225134620744 8.64057501222514 14708.8376006532 0.000183140908635779 NA 0 NA 9684.36828169977 NA 0.000231846412993126
"12123" 40400 NA NA NA NA NA 1569.1935483871 0.0000375737919354839 12.8709677419355 25485.2903225806 0.000458504303387139 NA NA NA NA NA 2259.64123139574 0.000803781505685744 10.3012683215349 16378.3304077747 0.000255048037060163 NA 0 NA 9106.95991480597 NA 0.000203456266326976
"12123" 40600 NA NA NA NA NA 1767.14814814815 0.000237168407407407 13.3703703703704 27336.0740740741 0.000449721535549842 NA NA NA NA NA 2470.84398074989 0.000734323164974615 9.68801062435162 15561.0575919157 0.000232577080938116 NA 0 NA 11775.0164821584 NA 0.000217144454611726
"12123" 40800 NA NA NA NA NA 1460.24137931034 -0.000218971409655172 12.7586206896552 26229.3448275862 0.000498070441792757 NA NA NA NA NA 2548.10354767132 0.000856164076165409 9.9234756742851 15359.1011903968 0.000269860443818499 NA 0 NA 10870.2436371894 NA 0.000228209997974259
"12123" 41000 NA NA NA NA NA 1432.89655172414 0.0000322430551724138 11.2068965517241 23312.7931034483 0.000418909969662017 NA NA NA NA NA 2601.10342443943 0.000867938602801228 11.0981958326079 16121.8184045706 0.000264049474321298 NA 0 NA 7190.97469887769 NA 0.000154860495340718
"12123" 41200 NA NA NA NA NA 1918 -0.000146311336363636 13.5909090909091 24519.6363636364 0.000492844169002393 NA NA NA NA NA 2956.20996096917 0.000630362544032558 12.2926965963693 14484.4590692279 0.000280844932854544 NA 0 NA 10035.1772944085 NA 0.000211999236147849
"12123" 41400 NA NA NA NA NA 1269.51428571429 -0.00010901906 12.7142857142857 26672.2285714286 0.00046542297779066 NA NA NA NA NA 2568.91243149164 0.000576065371893563 10.1331472045415 13802.4142327384 0.000232367721278691 NA 0 NA 12869.8143386901 NA 0.000233055256511969
"12123" 41600 NA NA NA NA NA 1274.68965517241 -0.000105221720689655 12.3103448275862 23799.5172413793 0.000517952631523434 NA NA NA NA NA 2578.34657849129 0.000569438916632461 11.6038892749551 14658.0198322106 0.00025967980133353 NA 0 NA 9141.49740916876 NA 0.000258272830189904
"12123" 41800 NA NA NA NA NA 1563.78260869565 0.000112961869565217 12.7391304347826 23861.5217391304 0.000482420186926971 NA NA NA NA NA 2891.4806360712 0.000797063059212627 13.6222324672318 16442.2836278065 0.000298916650284455 NA 0 NA 7419.23811132395 NA 0.000183503536642516
"12123" 42000 NA NA NA NA NA 998.333333333333 0.00006710917 10.2666666666667 24322.5 0.000417291801043821 NA NA NA NA NA 2384.35912496033 0.000977419937995492 7.63807763020627 14422.7292762453 0.000226888650153637 NA 0 NA 9899.77072375474 NA 0.000190403150890184
"12123" 42200 NA NA NA NA NA 652.807692307692 -0.00000118605384615385 10.9615384615385 22476.4615384615 0.000514032332353512 NA NA NA NA NA 1843.76111292609 0.000740130922109722 6.77336412268391 11920.2993527202 0.000272732791328167 NA 0 NA 10556.1621857413 NA 0.000241299541025345
"12123" 42400 NA NA NA NA NA 602.96875 -0.00014484824375 10.8125 24998.625 0.000420405155329954 NA NA NA NA NA 1716.33120505442 0.00094482698889304 8.25964734074939 14263.5604222562 0.000227805360474937 NA 0 NA 10735.0645777438 NA 0.000192599794855017
"12123" 42600 NA NA NA NA NA 937.95 0.000034269225 11.8 25292.95 0.000435243923557672 NA NA NA NA NA 2184.86883804811 0.000813089209547184 8.21808019584034 12208.1695833698 0.000221674573820372 NA 0 NA 13084.7804166302 NA 0.000213569349737301
"12123" 42800 NA NA NA NA NA 717.5 0.000114023354166667 9.70833333333333 22182.2916666667 0.000453054385442531 NA NA NA NA NA 2089.1984733073 0.000781268476665774 7.51508145500515 12780.1005999959 0.00039937524802447 NA 0 NA 9402.19106667081 NA 0.0000536791374180606
"12123" 43000 NA NA NA NA NA 838.727272727273 -0.0000949009318181818 10.8636363636364 24077.0454545455 0.000446302937070585 NA NA NA NA NA 2226.58975163318 0.000798839419197679 8.62607042106027 14779.0628302573 0.000428877868759598 NA 0 NA 9297.98262428816 NA 0.000017425068310987
"12123" 43200 NA NA NA NA NA 854.695652173913 0.0000450888565217391 11.1739130434783 23461 0.000442828932755862 NA NA NA NA NA 2235.83060495896 0.000796477340127891 8.41887583681641 13718.2959881387 0.000216948018771561 NA 0 NA 9742.70401186132 NA 0.000225880913984301
"12123" 43400 NA NA NA NA NA 710.1 -0.00013121515 10.4666666666667 22431.1 0.000470878731863019 NA NA NA NA NA 2028.98742114692 0.00113892410881558 9.3614518964312 14436.0981746072 0.000293069010526234 NA 0 NA 7995.00182539282 NA 0.000177809721336784
"12123" 43600 NA NA NA NA NA 693.441176470588 0.000140894714705882 10.7058823529412 24773.2941176471 0.000415611915715757 NA NA NA NA NA 1959.90196401661 0.000811204031957042 9.00009902896598 14925.5205594806 0.000266640850289948 NA 0 NA 9847.77355816641 NA 0.000148971065425809
"12123" 43800 NA NA NA NA NA 799.65625 0.00010562084375 10.71875 23415.875 0.000436101986227966 NA NA NA NA NA 2061.28066376182 0.000628116423852219 8.30559226685405 12914.4201292274 0.000226627723474005 NA 0 NA 10501.4548707726 NA 0.000209474262753961
"12123" 44000 NA NA NA NA NA 733 -0.000042927708 8.48 20807.4 0.00045006946277817 NA NA NA NA NA 2124.93529313248 0.0010836881698799 5.56117493580868 14932.2992145662 0.000293595116852281 NA 0 NA 5875.10078543383 NA 0.000156474345925889
"12123" 44200 NA NA NA NA NA 255.56 -0.000203163244 10.8 25473.12 0.000434063783673449 NA NA NA NA NA 372.478531819844 0.0007206213777831 5.81664278887172 12896.1299276178 0.000196134670781091 NA 0 NA 12576.9900723822 NA 0.000237929112892357
"12123" 44400 NA NA NA NA NA 284.384615384615 0.000122588741153846 10.0769230769231 23008.7307692308 0.000441998621788779 NA NA NA NA NA 409.722938281281 0.000817471802965895 7.55207561891737 14839.8489576079 0.000237535057368952 NA 0 NA 8168.8818116229 NA 0.000204463564419827
"12123" 44600 NA NA NA NA NA 350.636363636364 -0.000151248245454545 10.5 24797.9545454545 0.000453952077256489 NA NA NA NA NA 511.37913858176 0.00109393907681189 5.72172135271329 10955.574738688 0.000275469914058785 NA 0 NA 13842.3798067666 NA 0.000178482163197705
"12123" 44800 NA NA NA NA NA 374.666666666667 0.0000938206074074074 11.5555555555556 26757.8888888889 0.000448058341607294 NA NA NA NA NA 549.989090800899 0.000666362217821475 6.45298579271841 12553.7767113307 0.000209455465450955 NA 0 NA 14204.1121775582 NA 0.000238602876156339
"12123" 45000 NA NA NA NA NA 273.137931034483 0.0000573438137931034 10.6551724137931 25395.2068965517 0.000436864114430037 NA NA NA NA NA 483.153016588351 0.000968326053550974 6.99630444320921 14499.4301276669 0.000195682439863171 NA 0 NA 10895.7767688849 NA 0.000241181674566866
"12123" 45200 NA NA NA NA NA 329.28 0.0004044518776 11.08 23366.76 0.000473426969303013 NA NA NA NA NA 529.867791686442 0.000805615035422015 7.35934779718964 13678.4798414639 0.000161385038136932 NA 0 NA 9688.28015853613 NA 0.000312041931166081
"12123" 45400 NA NA NA NA NA 341.095238095238 0.000245539452380952 10.4761904761905 23777.0952380952 0.000415866987432698 NA NA NA NA NA 651.922304018041 0.000868934084267651 7.71115456737218 15197.2341888409 0.000229421865466395 NA 0 NA 8579.86104925429 NA 0.000186445121966303
"12123" 45600 NA NA NA NA NA 293.04347826087 0.000218649186956522 10.6086956521739 24630.2608695652 0.000466650898079602 NA NA NA NA NA 695.98180999355 0.000721521397201531 7.54826368014395 14180.0270778604 0.000364193440796778 NA 0 NA 10450.2337917048 NA 0.000102457457282824
"12123" 45800 NA NA NA NA NA 365.047619047619 0.00014934329047619 14 28057.2380952381 0.000542651139601687 NA NA NA NA NA 789.014225232377 0.00055234536688088 6.17251974480439 14062.8569675751 0.000178179958180402 NA 0 NA 13994.381127663 NA 0.000364471181421285
"12123" 46000 NA NA NA NA NA 303.178571428571 0.000308518932142857 11.4285714285714 24202.8571428571 0.000502962693841457 NA NA NA NA NA 755.280083126951 0.000944728884858255 7.49038183978762 14030.4270036504 0.000241007216197161 NA 0 NA 10172.4301392068 NA 0.000261955477644296
"12123" 46200 NA NA NA NA NA 454.333333333333 0.0000740772095238095 11.3809523809524 20309.8571428571 0.000556576422093736 NA NA NA NA NA 921.493479810537 0.000841735647064161 8.37541754467316 14738.3347712206 0.00025602922231493 NA 0 NA 5571.5223716365 NA 0.000300547199778806
"12123" 46400 NA NA NA NA NA 535.25 0.00014156281 11.6 24577.85 0.000602625939489788 NA NA NA NA NA 1004.16893499052 0.000977251952591424 7.55610593110666 15588.4712605013 0.000580430413538541 NA 0 NA 8989.37873949874 NA 0.0000221955259512471
"12123" 46600 NA NA NA NA NA 696.222222222222 -0.000135685777777778 11.8333333333333 22974.7777777778 0.00093690153971084 NA NA NA NA NA 1098.58173572355 0.000868010900826902 7.39037529891571 15810.2261566425 0.00117601466296791 NA 0 NA 7164.55162113527 NA 0
"12123" 46800 NA NA NA NA NA 513.333333333333 -0.000435593 10.4444444444444 22581.6666666667 0.000485602850425598 NA NA NA NA NA 1017.07495374651 0.00132794986186896 7.51067616198811 13893.0789271825 0.000217312432265916 NA 0 NA 8688.58773948414 NA 0.000268290418159682
"12123" 47000 NA NA NA NA NA 419 0.0001693967475 9.85 21092.95 0.000462978847119365 NA NA NA NA NA 913.341708739438 0.000887194599847364 6.71985195197113 13421.8661241217 0.000187526543404193 NA 0 NA 7671.08387587828 NA 0.000275452303715171
"12123" 47200 NA NA NA NA NA 518.2 0.0000946451866666667 10.0666666666667 23405.1666666667 0.000402538337448609 NA NA NA NA NA 1092.75190104679 0.000678988148480772 7.27268547532399 12601.8109729852 0.000196816937863045 NA 0 NA 10803.3556936815 NA 0.000205721399585564
"12123" 47400 NA NA NA NA NA 498.272727272727 0.000285463118181818 12.0909090909091 24101.3939393939 0.000539220746138006 NA NA NA NA NA 1117.57162166255 0.000747277391757291 6.60664266270905 13639.3644714009 0.000251932751571507 NA 0 NA 10462.0294679931 NA 0.000287287994566499
"12123" 47600 NA NA NA NA NA 449.448275862069 -0.000230817589655172 12.2068965517241 24944.7586206897 0.000442900402059691 NA NA NA NA NA 1025.80597532612 0.000554054991057426 7.89384620332658 13891.2644509705 0.000215320083793535 NA 0 NA 11053.4941697191 NA 0.000227580318266156
"12123" 47800 NA NA NA NA NA 589.8 -0.000075823352 11.24 25931.2 0.000412212290352356 NA NA NA NA NA 1153.35683983752 0.000515974821708014 7.78502836646513 13784.1093382924 0.000218044063561941 NA 0 NA 12147.0906617076 NA 0.000194168226790415
"12123" 48000 NA NA NA NA NA 505.62962962963 -0.0000290563777777778 11.7407407407407 25668.037037037 0.00045380797288721 NA NA NA NA NA 1004.02191778666 0.000365228852514937 7.20359201313747 13791.5499281862 0.000256150790579127 NA 0 NA 11876.4871088508 NA 0.000197657182308082
"12123" 48200 NA NA NA NA NA 542.75 -0.00000757762892857143 14.7857142857143 28533.1071428571 0.000528412627446158 NA NA NA NA NA 1041.51636693457 0.000452620783595952 7.77630371519139 14209.5991272965 0.000234146586207236 NA 0 NA 14323.5080155606 NA 0.000294266041238921
"12123" 48400 NA NA NA NA NA 339.944444444444 -0.0000341755744444444 14.5277777777778 29735.6388888889 0.000475590188575354 NA NA NA NA NA 609.476072163364 0.000509542909022091 9.14482245742244 15788.3508396951 0.000223640605341391 NA 0 NA 13947.2880491938 NA 0.000251949583233964
"12123" 48600 NA NA NA NA NA 419.363636363636 0.0000151710878787879 9.45454545454546 22204.2121212121 0.000423828370187138 NA NA NA NA NA 674.564666015323 0.000648674808892534 7.52948748708581 13964.2552673728 0.000257543808194432 NA 0 NA 8239.95685383934 NA 0.000166284561992706
"12123" 48800 NA NA NA NA NA 525.076923076923 0.000246326757692308 11.8846153846154 23797.6538461538 0.000491327092766397 NA NA NA NA NA 805.431209878382 0.000661104812284498 7.41526492083417 12289.0987885762 0.000245150026463357 NA 0 NA 11508.5550575777 NA 0.00024617706630304
"12123" 49000 NA NA NA NA NA 428.457142857143 -0.000105609405714286 11.7142857142857 22984.4 0.000595560920749693 NA NA NA NA NA 798.828824440069 0.000614059739287331 7.88733694180827 14683.0329476296 0.000435755138426811 NA 0 NA 8301.3670523704 NA 0.000159805782322882
"12123" 49200 NA NA NA NA NA 451.857142857143 -0.000105931935714286 12.8214285714286 27191 0.000493582818021472 NA NA NA NA NA 737.466117955446 0.000679073214288491 8.22846716938653 13271.364868825 0.000261973761830516 NA 0 NA 13919.635131175 NA 0.000231609056190957
"12123" 49400 NA NA NA NA NA 486.75 -0.000113104045357143 12.0714285714286 25560.0714285714 0.000521953908956539 NA NA NA NA NA 809.411611856049 0.000727468686839354 7.83122227548435 14093.3374117743 0.000360064243928749 NA 0 NA 11466.7340167972 NA 0.00016188966502779
"12123" 49600 NA NA NA NA NA 527.586206896552 -0.000057772475862069 13.1724137931034 25107.4482758621 0.000516789103263405 NA NA NA NA NA 876.565966763865 0.000477677799716314 8.59430444919874 14714.9070517578 0.000248740124389844 NA 0 NA 10392.5412241043 NA 0.000268048978873561
"12123" 49800 NA NA NA NA NA 536.875 -0.000072549025 13.75 27125.90625 0.000487260770841497 NA NA NA NA NA 914.831722583537 0.000415470066150317 9.14400914401372 16048.0228354278 0.000281459885619803 NA 0 NA 11077.8834145722 NA 0.000205800885221694
"12123" 50000 NA NA NA NA NA 522.135135135135 -0.000169217474324324 12.9189189189189 27233.8918918919 0.000522304482050796 NA NA NA NA NA 932.880371101669 0.000525422080132154 7.62079894608017 14973.6657591174 0.000399445852706149 NA 0 NA 12260.2261327745 NA 0.000122858629344646
