"12123" 4916362 17640 222524 240163 7 0 0 0.72346596212503 0.0000410128096442761 0 0 0 0.000000627599044543215 0.00000502079235634572 0.0000507173187000648
"12123" 4959701 32863 12293 45155 7 0 0 0.281930918275198 0.00000857897691249119 0 0 0 0.000000627599044543215 0.00000502079235634572 0.0000507173187000648
"12123" 5022339 28514 1001799 1030312 8 0 0 0.320202995540422 0.000011229676493667 0 0 0 0.000000627599044543215 0.00000502079235634572 0.0000507173187000648
"12123" 5080863 7185 912404 919588 2 0 0 0.0526608489720269 0.00000732927612693484 0 0 0 0.000000627599044543215 0.00000502079235634572 0.0000507173187000648
"12123" 5121998 5786 505092 510877 3 0 0 0.34140091365236 0.0000590046515126788 0 0 1 0.000000627599044543215 0.00000502079235634572 0.0000507173187000648
"12123" 5122766 42817 221847 264663 15 0 0 3.22378943778098 0.0000752922773146408 0 0 1 0.000000627599044543215 0.00000502079235634572 0.0000507173187000648
"12123" 5172787 43603 849111 892713 19 0 0.0000229342017751072 1.6338384797369 0.0000374707813622204 0 1 0 0.000000627599044543215 0.00000502079235634572 0.0000507173187000648
"12123" 5224314 44556 740881 785436 15 0 0 4.32072240812701 0.0000969728523235256 0 0 1 0.000000627599044543215 0.00000502079235634572 0.0000507173187000648
"12123" 5238401 47369 1817685 1865053 15 0 0 1.42647103583299 0.0000301140204740019 0 0 0 0.000000627599044543215 0.00000502079235634572 0.0000507173187000648
"12123" 5239021 37272 634882 672153 27 0 0.0000268297918008156 3.95529085335746 0.000106119630107251 0 1 1 0.000000627599044543215 0.00000502079235634572 0.0000507173187000648
"12123" 5244123 42421 1208173 1250593 15 0 0 1.79746125915919 0.000042371968109172 0 0 0 0.000000627599044543215 0.00000502079235634572 0.0000507173187000648
"12123" 5263744 47903 1421637 1469539 19 0 0 1.3319383216517 0.000027804904111469 0 0 0 0.000000627599044543215 0.00000502079235634572 0.0000507173187000648
"12123" 5276815 8697 167193 175889 3 0 0 0.502635561516756 0.0000577941314840469 0 0 1 0.000000627599044543215 0.00000502079235634572 0.0000507173187000648
