"seed" "muBase" "muInv" "sigmaK" "alpha" "rep" "n" "enVar" "mig1" "mig2" "theta1" "theta2" "burnin" "chromNum" "r" "dom"
3385442 0.00000001 0 0.75 0.2 1 1000 0 0.001 0.001 1 -1 10000 21 0.000001 2
3385443 0.00000001 0 0.75 0.2 1 1000 0 0.01 0.01 1 -1 10000 21 0.000001 2
3385444 0.00000001 0 0.75 0.2 1 1000 0 0.1 0.1 1 -1 10000 21 0.000001 2
3385445 0.00000001 0 0.75 0.2 1 1000 0 0.25 0.25 1 -1 10000 21 0.000001 2
3385446 0.00000001 0 0.75 0.2 1 1000 0 0.4 0.4 1 -1 10000 21 0.000001 2
3385447 0.00000001 0 0.75 0.2 1 1000 0 0.5 0.5 1 -1 10000 21 0.000001 2
3385448 0.00000001 0 0.75 0.2 2 1000 0 0.001 0.001 1 -1 10000 21 0.000001 2
3385449 0.00000001 0 0.75 0.2 2 1000 0 0.01 0.01 1 -1 10000 21 0.000001 2
3385450 0.00000001 0 0.75 0.2 2 1000 0 0.1 0.1 1 -1 10000 21 0.000001 2
3385451 0.00000001 0 0.75 0.2 2 1000 0 0.25 0.25 1 -1 10000 21 0.000001 2
3385452 0.00000001 0 0.75 0.2 2 1000 0 0.4 0.4 1 -1 10000 21 0.000001 2
3385453 0.00000001 0 0.75 0.2 2 1000 0 0.5 0.5 1 -1 10000 21 0.000001 2
3385454 0.00000001 0 0.75 0.2 3 1000 0 0.001 0.001 1 -1 10000 21 0.000001 2
3385455 0.00000001 0 0.75 0.2 3 1000 0 0.01 0.01 1 -1 10000 21 0.000001 2
3385456 0.00000001 0 0.75 0.2 3 1000 0 0.1 0.1 1 -1 10000 21 0.000001 2
3385457 0.00000001 0 0.75 0.2 3 1000 0 0.25 0.25 1 -1 10000 21 0.000001 2
3385458 0.00000001 0 0.75 0.2 3 1000 0 0.4 0.4 1 -1 10000 21 0.000001 2
3385459 0.00000001 0 0.75 0.2 3 1000 0 0.5 0.5 1 -1 10000 21 0.000001 2
3385460 0.00000001 0 0.75 0.2 4 1000 0 0.001 0.001 1 -1 10000 21 0.000001 2
3385461 0.00000001 0 0.75 0.2 4 1000 0 0.01 0.01 1 -1 10000 21 0.000001 2
3385462 0.00000001 0 0.75 0.2 4 1000 0 0.1 0.1 1 -1 10000 21 0.000001 2
3385463 0.00000001 0 0.75 0.2 4 1000 0 0.25 0.25 1 -1 10000 21 0.000001 2
3385464 0.00000001 0 0.75 0.2 4 1000 0 0.4 0.4 1 -1 10000 21 0.000001 2
3385465 0.00000001 0 0.75 0.2 4 1000 0 0.5 0.5 1 -1 10000 21 0.000001 2
3385466 0.00000001 0 0.75 0.2 5 1000 0 0.001 0.001 1 -1 10000 21 0.000001 2
3385467 0.00000001 0 0.75 0.2 5 1000 0 0.01 0.01 1 -1 10000 21 0.000001 2
3385468 0.00000001 0 0.75 0.2 5 1000 0 0.1 0.1 1 -1 10000 21 0.000001 2
3385469 0.00000001 0 0.75 0.2 5 1000 0 0.25 0.25 1 -1 10000 21 0.000001 2
3385470 0.00000001 0 0.75 0.2 5 1000 0 0.4 0.4 1 -1 10000 21 0.000001 2
3385471 0.00000001 0 0.75 0.2 5 1000 0 0.5 0.5 1 -1 10000 21 0.000001 2
3385472 0.00000001 0 1.5 0.2 1 1000 0 0.001 0.001 1 -1 10000 21 0.000001 2
3385473 0.00000001 0 1.5 0.2 1 1000 0 0.01 0.01 1 -1 10000 21 0.000001 2
3385474 0.00000001 0 1.5 0.2 1 1000 0 0.1 0.1 1 -1 10000 21 0.000001 2
3385475 0.00000001 0 1.5 0.2 1 1000 0 0.25 0.25 1 -1 10000 21 0.000001 2
3385476 0.00000001 0 1.5 0.2 1 1000 0 0.4 0.4 1 -1 10000 21 0.000001 2
3385477 0.00000001 0 1.5 0.2 1 1000 0 0.5 0.5 1 -1 10000 21 0.000001 2
3385478 0.00000001 0 1.5 0.2 2 1000 0 0.001 0.001 1 -1 10000 21 0.000001 2
3385479 0.00000001 0 1.5 0.2 2 1000 0 0.01 0.01 1 -1 10000 21 0.000001 2
3385480 0.00000001 0 1.5 0.2 2 1000 0 0.1 0.1 1 -1 10000 21 0.000001 2
3385481 0.00000001 0 1.5 0.2 2 1000 0 0.25 0.25 1 -1 10000 21 0.000001 2
3385482 0.00000001 0 1.5 0.2 2 1000 0 0.4 0.4 1 -1 10000 21 0.000001 2
3385483 0.00000001 0 1.5 0.2 2 1000 0 0.5 0.5 1 -1 10000 21 0.000001 2
3385484 0.00000001 0 1.5 0.2 3 1000 0 0.001 0.001 1 -1 10000 21 0.000001 2
3385485 0.00000001 0 1.5 0.2 3 1000 0 0.01 0.01 1 -1 10000 21 0.000001 2
3385486 0.00000001 0 1.5 0.2 3 1000 0 0.1 0.1 1 -1 10000 21 0.000001 2
3385487 0.00000001 0 1.5 0.2 3 1000 0 0.25 0.25 1 -1 10000 21 0.000001 2
3385488 0.00000001 0 1.5 0.2 3 1000 0 0.4 0.4 1 -1 10000 21 0.000001 2
3385489 0.00000001 0 1.5 0.2 3 1000 0 0.5 0.5 1 -1 10000 21 0.000001 2
3385490 0.00000001 0 1.5 0.2 4 1000 0 0.001 0.001 1 -1 10000 21 0.000001 2
3385491 0.00000001 0 1.5 0.2 4 1000 0 0.01 0.01 1 -1 10000 21 0.000001 2
3385492 0.00000001 0 1.5 0.2 4 1000 0 0.1 0.1 1 -1 10000 21 0.000001 2
3385493 0.00000001 0 1.5 0.2 4 1000 0 0.25 0.25 1 -1 10000 21 0.000001 2
3385494 0.00000001 0 1.5 0.2 4 1000 0 0.4 0.4 1 -1 10000 21 0.000001 2
3385495 0.00000001 0 1.5 0.2 4 1000 0 0.5 0.5 1 -1 10000 21 0.000001 2
3385496 0.00000001 0 1.5 0.2 5 1000 0 0.001 0.001 1 -1 10000 21 0.000001 2
3385497 0.00000001 0 1.5 0.2 5 1000 0 0.01 0.01 1 -1 10000 21 0.000001 2
3385498 0.00000001 0 1.5 0.2 5 1000 0 0.1 0.1 1 -1 10000 21 0.000001 2
3385499 0.00000001 0 1.5 0.2 5 1000 0 0.25 0.25 1 -1 10000 21 0.000001 2
3385500 0.00000001 0 1.5 0.2 5 1000 0 0.4 0.4 1 -1 10000 21 0.000001 2
3385501 0.00000001 0 1.5 0.2 5 1000 0 0.5 0.5 1 -1 10000 21 0.000001 2
3385502 0.00000001 0 3 0.2 1 1000 0 0.001 0.001 1 -1 10000 21 0.000001 2
3385503 0.00000001 0 3 0.2 1 1000 0 0.01 0.01 1 -1 10000 21 0.000001 2
3385504 0.00000001 0 3 0.2 1 1000 0 0.1 0.1 1 -1 10000 21 0.000001 2
3385505 0.00000001 0 3 0.2 1 1000 0 0.25 0.25 1 -1 10000 21 0.000001 2
3385506 0.00000001 0 3 0.2 1 1000 0 0.4 0.4 1 -1 10000 21 0.000001 2
3385507 0.00000001 0 3 0.2 1 1000 0 0.5 0.5 1 -1 10000 21 0.000001 2
3385508 0.00000001 0 3 0.2 2 1000 0 0.001 0.001 1 -1 10000 21 0.000001 2
3385509 0.00000001 0 3 0.2 2 1000 0 0.01 0.01 1 -1 10000 21 0.000001 2
3385510 0.00000001 0 3 0.2 2 1000 0 0.1 0.1 1 -1 10000 21 0.000001 2
3385511 0.00000001 0 3 0.2 2 1000 0 0.25 0.25 1 -1 10000 21 0.000001 2
3385512 0.00000001 0 3 0.2 2 1000 0 0.4 0.4 1 -1 10000 21 0.000001 2
3385513 0.00000001 0 3 0.2 2 1000 0 0.5 0.5 1 -1 10000 21 0.000001 2
3385514 0.00000001 0 3 0.2 3 1000 0 0.001 0.001 1 -1 10000 21 0.000001 2
3385515 0.00000001 0 3 0.2 3 1000 0 0.01 0.01 1 -1 10000 21 0.000001 2
3385516 0.00000001 0 3 0.2 3 1000 0 0.1 0.1 1 -1 10000 21 0.000001 2
3385517 0.00000001 0 3 0.2 3 1000 0 0.25 0.25 1 -1 10000 21 0.000001 2
3385518 0.00000001 0 3 0.2 3 1000 0 0.4 0.4 1 -1 10000 21 0.000001 2
3385519 0.00000001 0 3 0.2 3 1000 0 0.5 0.5 1 -1 10000 21 0.000001 2
3385520 0.00000001 0 3 0.2 4 1000 0 0.001 0.001 1 -1 10000 21 0.000001 2
3385521 0.00000001 0 3 0.2 4 1000 0 0.01 0.01 1 -1 10000 21 0.000001 2
3385522 0.00000001 0 3 0.2 4 1000 0 0.1 0.1 1 -1 10000 21 0.000001 2
3385523 0.00000001 0 3 0.2 4 1000 0 0.25 0.25 1 -1 10000 21 0.000001 2
3385524 0.00000001 0 3 0.2 4 1000 0 0.4 0.4 1 -1 10000 21 0.000001 2
3385525 0.00000001 0 3 0.2 4 1000 0 0.5 0.5 1 -1 10000 21 0.000001 2
3385526 0.00000001 0 3 0.2 5 1000 0 0.001 0.001 1 -1 10000 21 0.000001 2
3385527 0.00000001 0 3 0.2 5 1000 0 0.01 0.01 1 -1 10000 21 0.000001 2
3385528 0.00000001 0 3 0.2 5 1000 0 0.1 0.1 1 -1 10000 21 0.000001 2
3385529 0.00000001 0 3 0.2 5 1000 0 0.25 0.25 1 -1 10000 21 0.000001 2
3385530 0.00000001 0 3 0.2 5 1000 0 0.4 0.4 1 -1 10000 21 0.000001 2
3385531 0.00000001 0 3 0.2 5 1000 0 0.5 0.5 1 -1 10000 21 0.000001 2
3385532 0.00000001 0.001 0.75 0.2 1 1000 0 0.001 0.001 1 -1 10000 21 0.000001 2
3385533 0.00000001 0.001 0.75 0.2 1 1000 0 0.01 0.01 1 -1 10000 21 0.000001 2
3385534 0.00000001 0.001 0.75 0.2 1 1000 0 0.1 0.1 1 -1 10000 21 0.000001 2
3385535 0.00000001 0.001 0.75 0.2 1 1000 0 0.25 0.25 1 -1 10000 21 0.000001 2
3385536 0.00000001 0.001 0.75 0.2 1 1000 0 0.4 0.4 1 -1 10000 21 0.000001 2
3385537 0.00000001 0.001 0.75 0.2 1 1000 0 0.5 0.5 1 -1 10000 21 0.000001 2
3385538 0.00000001 0.001 0.75 0.2 2 1000 0 0.001 0.001 1 -1 10000 21 0.000001 2
3385539 0.00000001 0.001 0.75 0.2 2 1000 0 0.01 0.01 1 -1 10000 21 0.000001 2
3385540 0.00000001 0.001 0.75 0.2 2 1000 0 0.1 0.1 1 -1 10000 21 0.000001 2
3385541 0.00000001 0.001 0.75 0.2 2 1000 0 0.25 0.25 1 -1 10000 21 0.000001 2
3385542 0.00000001 0.001 0.75 0.2 2 1000 0 0.4 0.4 1 -1 10000 21 0.000001 2
3385543 0.00000001 0.001 0.75 0.2 2 1000 0 0.5 0.5 1 -1 10000 21 0.000001 2
3385544 0.00000001 0.001 0.75 0.2 3 1000 0 0.001 0.001 1 -1 10000 21 0.000001 2
3385545 0.00000001 0.001 0.75 0.2 3 1000 0 0.01 0.01 1 -1 10000 21 0.000001 2
3385546 0.00000001 0.001 0.75 0.2 3 1000 0 0.1 0.1 1 -1 10000 21 0.000001 2
3385547 0.00000001 0.001 0.75 0.2 3 1000 0 0.25 0.25 1 -1 10000 21 0.000001 2
3385548 0.00000001 0.001 0.75 0.2 3 1000 0 0.4 0.4 1 -1 10000 21 0.000001 2
3385549 0.00000001 0.001 0.75 0.2 3 1000 0 0.5 0.5 1 -1 10000 21 0.000001 2
3385550 0.00000001 0.001 0.75 0.2 4 1000 0 0.001 0.001 1 -1 10000 21 0.000001 2
3385551 0.00000001 0.001 0.75 0.2 4 1000 0 0.01 0.01 1 -1 10000 21 0.000001 2
3385552 0.00000001 0.001 0.75 0.2 4 1000 0 0.1 0.1 1 -1 10000 21 0.000001 2
3385553 0.00000001 0.001 0.75 0.2 4 1000 0 0.25 0.25 1 -1 10000 21 0.000001 2
3385554 0.00000001 0.001 0.75 0.2 4 1000 0 0.4 0.4 1 -1 10000 21 0.000001 2
3385555 0.00000001 0.001 0.75 0.2 4 1000 0 0.5 0.5 1 -1 10000 21 0.000001 2
3385556 0.00000001 0.001 0.75 0.2 5 1000 0 0.001 0.001 1 -1 10000 21 0.000001 2
3385557 0.00000001 0.001 0.75 0.2 5 1000 0 0.01 0.01 1 -1 10000 21 0.000001 2
3385558 0.00000001 0.001 0.75 0.2 5 1000 0 0.1 0.1 1 -1 10000 21 0.000001 2
3385559 0.00000001 0.001 0.75 0.2 5 1000 0 0.25 0.25 1 -1 10000 21 0.000001 2
3385560 0.00000001 0.001 0.75 0.2 5 1000 0 0.4 0.4 1 -1 10000 21 0.000001 2
3385561 0.00000001 0.001 0.75 0.2 5 1000 0 0.5 0.5 1 -1 10000 21 0.000001 2
3385562 0.00000001 0.001 1.5 0.2 1 1000 0 0.001 0.001 1 -1 10000 21 0.000001 2
3385563 0.00000001 0.001 1.5 0.2 1 1000 0 0.01 0.01 1 -1 10000 21 0.000001 2
3385564 0.00000001 0.001 1.5 0.2 1 1000 0 0.1 0.1 1 -1 10000 21 0.000001 2
3385565 0.00000001 0.001 1.5 0.2 1 1000 0 0.25 0.25 1 -1 10000 21 0.000001 2
3385566 0.00000001 0.001 1.5 0.2 1 1000 0 0.4 0.4 1 -1 10000 21 0.000001 2
3385567 0.00000001 0.001 1.5 0.2 1 1000 0 0.5 0.5 1 -1 10000 21 0.000001 2
3385568 0.00000001 0.001 1.5 0.2 2 1000 0 0.001 0.001 1 -1 10000 21 0.000001 2
3385569 0.00000001 0.001 1.5 0.2 2 1000 0 0.01 0.01 1 -1 10000 21 0.000001 2
3385570 0.00000001 0.001 1.5 0.2 2 1000 0 0.1 0.1 1 -1 10000 21 0.000001 2
3385571 0.00000001 0.001 1.5 0.2 2 1000 0 0.25 0.25 1 -1 10000 21 0.000001 2
3385572 0.00000001 0.001 1.5 0.2 2 1000 0 0.4 0.4 1 -1 10000 21 0.000001 2
3385573 0.00000001 0.001 1.5 0.2 2 1000 0 0.5 0.5 1 -1 10000 21 0.000001 2
3385574 0.00000001 0.001 1.5 0.2 3 1000 0 0.001 0.001 1 -1 10000 21 0.000001 2
3385575 0.00000001 0.001 1.5 0.2 3 1000 0 0.01 0.01 1 -1 10000 21 0.000001 2
3385576 0.00000001 0.001 1.5 0.2 3 1000 0 0.1 0.1 1 -1 10000 21 0.000001 2
3385577 0.00000001 0.001 1.5 0.2 3 1000 0 0.25 0.25 1 -1 10000 21 0.000001 2
3385578 0.00000001 0.001 1.5 0.2 3 1000 0 0.4 0.4 1 -1 10000 21 0.000001 2
3385579 0.00000001 0.001 1.5 0.2 3 1000 0 0.5 0.5 1 -1 10000 21 0.000001 2
3385580 0.00000001 0.001 1.5 0.2 4 1000 0 0.001 0.001 1 -1 10000 21 0.000001 2
3385581 0.00000001 0.001 1.5 0.2 4 1000 0 0.01 0.01 1 -1 10000 21 0.000001 2
3385582 0.00000001 0.001 1.5 0.2 4 1000 0 0.1 0.1 1 -1 10000 21 0.000001 2
3385583 0.00000001 0.001 1.5 0.2 4 1000 0 0.25 0.25 1 -1 10000 21 0.000001 2
3385584 0.00000001 0.001 1.5 0.2 4 1000 0 0.4 0.4 1 -1 10000 21 0.000001 2
3385585 0.00000001 0.001 1.5 0.2 4 1000 0 0.5 0.5 1 -1 10000 21 0.000001 2
3385586 0.00000001 0.001 1.5 0.2 5 1000 0 0.001 0.001 1 -1 10000 21 0.000001 2
3385587 0.00000001 0.001 1.5 0.2 5 1000 0 0.01 0.01 1 -1 10000 21 0.000001 2
3385588 0.00000001 0.001 1.5 0.2 5 1000 0 0.1 0.1 1 -1 10000 21 0.000001 2
3385589 0.00000001 0.001 1.5 0.2 5 1000 0 0.25 0.25 1 -1 10000 21 0.000001 2
3385590 0.00000001 0.001 1.5 0.2 5 1000 0 0.4 0.4 1 -1 10000 21 0.000001 2
3385591 0.00000001 0.001 1.5 0.2 5 1000 0 0.5 0.5 1 -1 10000 21 0.000001 2
3385592 0.00000001 0.001 3 0.2 1 1000 0 0.001 0.001 1 -1 10000 21 0.000001 2
3385593 0.00000001 0.001 3 0.2 1 1000 0 0.01 0.01 1 -1 10000 21 0.000001 2
3385594 0.00000001 0.001 3 0.2 1 1000 0 0.1 0.1 1 -1 10000 21 0.000001 2
3385595 0.00000001 0.001 3 0.2 1 1000 0 0.25 0.25 1 -1 10000 21 0.000001 2
3385596 0.00000001 0.001 3 0.2 1 1000 0 0.4 0.4 1 -1 10000 21 0.000001 2
3385597 0.00000001 0.001 3 0.2 1 1000 0 0.5 0.5 1 -1 10000 21 0.000001 2
3385598 0.00000001 0.001 3 0.2 2 1000 0 0.001 0.001 1 -1 10000 21 0.000001 2
3385599 0.00000001 0.001 3 0.2 2 1000 0 0.01 0.01 1 -1 10000 21 0.000001 2
3385600 0.00000001 0.001 3 0.2 2 1000 0 0.1 0.1 1 -1 10000 21 0.000001 2
3385601 0.00000001 0.001 3 0.2 2 1000 0 0.25 0.25 1 -1 10000 21 0.000001 2
3385602 0.00000001 0.001 3 0.2 2 1000 0 0.4 0.4 1 -1 10000 21 0.000001 2
3385603 0.00000001 0.001 3 0.2 2 1000 0 0.5 0.5 1 -1 10000 21 0.000001 2
3385604 0.00000001 0.001 3 0.2 3 1000 0 0.001 0.001 1 -1 10000 21 0.000001 2
3385605 0.00000001 0.001 3 0.2 3 1000 0 0.01 0.01 1 -1 10000 21 0.000001 2
3385606 0.00000001 0.001 3 0.2 3 1000 0 0.1 0.1 1 -1 10000 21 0.000001 2
3385607 0.00000001 0.001 3 0.2 3 1000 0 0.25 0.25 1 -1 10000 21 0.000001 2
3385608 0.00000001 0.001 3 0.2 3 1000 0 0.4 0.4 1 -1 10000 21 0.000001 2
3385609 0.00000001 0.001 3 0.2 3 1000 0 0.5 0.5 1 -1 10000 21 0.000001 2
3385610 0.00000001 0.001 3 0.2 4 1000 0 0.001 0.001 1 -1 10000 21 0.000001 2
3385611 0.00000001 0.001 3 0.2 4 1000 0 0.01 0.01 1 -1 10000 21 0.000001 2
3385612 0.00000001 0.001 3 0.2 4 1000 0 0.1 0.1 1 -1 10000 21 0.000001 2
3385613 0.00000001 0.001 3 0.2 4 1000 0 0.25 0.25 1 -1 10000 21 0.000001 2
3385614 0.00000001 0.001 3 0.2 4 1000 0 0.4 0.4 1 -1 10000 21 0.000001 2
3385615 0.00000001 0.001 3 0.2 4 1000 0 0.5 0.5 1 -1 10000 21 0.000001 2
3385616 0.00000001 0.001 3 0.2 5 1000 0 0.001 0.001 1 -1 10000 21 0.000001 2
3385617 0.00000001 0.001 3 0.2 5 1000 0 0.01 0.01 1 -1 10000 21 0.000001 2
3385618 0.00000001 0.001 3 0.2 5 1000 0 0.1 0.1 1 -1 10000 21 0.000001 2
3385619 0.00000001 0.001 3 0.2 5 1000 0 0.25 0.25 1 -1 10000 21 0.000001 2
3385620 0.00000001 0.001 3 0.2 5 1000 0 0.4 0.4 1 -1 10000 21 0.000001 2
3385621 0.00000001 0.001 3 0.2 5 1000 0 0.5 0.5 1 -1 10000 21 0.000001 2
3385622 0.000000001 0 0.75 0.2 1 1000 0 0.001 0.001 1 -1 10000 21 0.000001 2
3385623 0.000000001 0 0.75 0.2 1 1000 0 0.01 0.01 1 -1 10000 21 0.000001 2
3385624 0.000000001 0 0.75 0.2 1 1000 0 0.1 0.1 1 -1 10000 21 0.000001 2
3385625 0.000000001 0 0.75 0.2 1 1000 0 0.25 0.25 1 -1 10000 21 0.000001 2
3385626 0.000000001 0 0.75 0.2 1 1000 0 0.4 0.4 1 -1 10000 21 0.000001 2
3385627 0.000000001 0 0.75 0.2 1 1000 0 0.5 0.5 1 -1 10000 21 0.000001 2
3385628 0.000000001 0 0.75 0.2 2 1000 0 0.001 0.001 1 -1 10000 21 0.000001 2
3385629 0.000000001 0 0.75 0.2 2 1000 0 0.01 0.01 1 -1 10000 21 0.000001 2
3385630 0.000000001 0 0.75 0.2 2 1000 0 0.1 0.1 1 -1 10000 21 0.000001 2
3385631 0.000000001 0 0.75 0.2 2 1000 0 0.25 0.25 1 -1 10000 21 0.000001 2
3385632 0.000000001 0 0.75 0.2 2 1000 0 0.4 0.4 1 -1 10000 21 0.000001 2
3385633 0.000000001 0 0.75 0.2 2 1000 0 0.5 0.5 1 -1 10000 21 0.000001 2
3385634 0.000000001 0 0.75 0.2 3 1000 0 0.001 0.001 1 -1 10000 21 0.000001 2
3385635 0.000000001 0 0.75 0.2 3 1000 0 0.01 0.01 1 -1 10000 21 0.000001 2
3385636 0.000000001 0 0.75 0.2 3 1000 0 0.1 0.1 1 -1 10000 21 0.000001 2
3385637 0.000000001 0 0.75 0.2 3 1000 0 0.25 0.25 1 -1 10000 21 0.000001 2
3385638 0.000000001 0 0.75 0.2 3 1000 0 0.4 0.4 1 -1 10000 21 0.000001 2
3385639 0.000000001 0 0.75 0.2 3 1000 0 0.5 0.5 1 -1 10000 21 0.000001 2
3385640 0.000000001 0 0.75 0.2 4 1000 0 0.001 0.001 1 -1 10000 21 0.000001 2
3385641 0.000000001 0 0.75 0.2 4 1000 0 0.01 0.01 1 -1 10000 21 0.000001 2
3385642 0.000000001 0 0.75 0.2 4 1000 0 0.1 0.1 1 -1 10000 21 0.000001 2
3385643 0.000000001 0 0.75 0.2 4 1000 0 0.25 0.25 1 -1 10000 21 0.000001 2
3385644 0.000000001 0 0.75 0.2 4 1000 0 0.4 0.4 1 -1 10000 21 0.000001 2
3385645 0.000000001 0 0.75 0.2 4 1000 0 0.5 0.5 1 -1 10000 21 0.000001 2
3385646 0.000000001 0 0.75 0.2 5 1000 0 0.001 0.001 1 -1 10000 21 0.000001 2
3385647 0.000000001 0 0.75 0.2 5 1000 0 0.01 0.01 1 -1 10000 21 0.000001 2
3385648 0.000000001 0 0.75 0.2 5 1000 0 0.1 0.1 1 -1 10000 21 0.000001 2
3385649 0.000000001 0 0.75 0.2 5 1000 0 0.25 0.25 1 -1 10000 21 0.000001 2
3385650 0.000000001 0 0.75 0.2 5 1000 0 0.4 0.4 1 -1 10000 21 0.000001 2
3385651 0.000000001 0 0.75 0.2 5 1000 0 0.5 0.5 1 -1 10000 21 0.000001 2
3385652 0.000000001 0 1.5 0.2 1 1000 0 0.001 0.001 1 -1 10000 21 0.000001 2
3385653 0.000000001 0 1.5 0.2 1 1000 0 0.01 0.01 1 -1 10000 21 0.000001 2
3385654 0.000000001 0 1.5 0.2 1 1000 0 0.1 0.1 1 -1 10000 21 0.000001 2
3385655 0.000000001 0 1.5 0.2 1 1000 0 0.25 0.25 1 -1 10000 21 0.000001 2
3385656 0.000000001 0 1.5 0.2 1 1000 0 0.4 0.4 1 -1 10000 21 0.000001 2
3385657 0.000000001 0 1.5 0.2 1 1000 0 0.5 0.5 1 -1 10000 21 0.000001 2
3385658 0.000000001 0 1.5 0.2 2 1000 0 0.001 0.001 1 -1 10000 21 0.000001 2
3385659 0.000000001 0 1.5 0.2 2 1000 0 0.01 0.01 1 -1 10000 21 0.000001 2
3385660 0.000000001 0 1.5 0.2 2 1000 0 0.1 0.1 1 -1 10000 21 0.000001 2
3385661 0.000000001 0 1.5 0.2 2 1000 0 0.25 0.25 1 -1 10000 21 0.000001 2
3385662 0.000000001 0 1.5 0.2 2 1000 0 0.4 0.4 1 -1 10000 21 0.000001 2
3385663 0.000000001 0 1.5 0.2 2 1000 0 0.5 0.5 1 -1 10000 21 0.000001 2
3385664 0.000000001 0 1.5 0.2 3 1000 0 0.001 0.001 1 -1 10000 21 0.000001 2
3385665 0.000000001 0 1.5 0.2 3 1000 0 0.01 0.01 1 -1 10000 21 0.000001 2
3385666 0.000000001 0 1.5 0.2 3 1000 0 0.1 0.1 1 -1 10000 21 0.000001 2
3385667 0.000000001 0 1.5 0.2 3 1000 0 0.25 0.25 1 -1 10000 21 0.000001 2
3385668 0.000000001 0 1.5 0.2 3 1000 0 0.4 0.4 1 -1 10000 21 0.000001 2
3385669 0.000000001 0 1.5 0.2 3 1000 0 0.5 0.5 1 -1 10000 21 0.000001 2
3385670 0.000000001 0 1.5 0.2 4 1000 0 0.001 0.001 1 -1 10000 21 0.000001 2
3385671 0.000000001 0 1.5 0.2 4 1000 0 0.01 0.01 1 -1 10000 21 0.000001 2
3385672 0.000000001 0 1.5 0.2 4 1000 0 0.1 0.1 1 -1 10000 21 0.000001 2
3385673 0.000000001 0 1.5 0.2 4 1000 0 0.25 0.25 1 -1 10000 21 0.000001 2
3385674 0.000000001 0 1.5 0.2 4 1000 0 0.4 0.4 1 -1 10000 21 0.000001 2
3385675 0.000000001 0 1.5 0.2 4 1000 0 0.5 0.5 1 -1 10000 21 0.000001 2
3385676 0.000000001 0 1.5 0.2 5 1000 0 0.001 0.001 1 -1 10000 21 0.000001 2
3385677 0.000000001 0 1.5 0.2 5 1000 0 0.01 0.01 1 -1 10000 21 0.000001 2
3385678 0.000000001 0 1.5 0.2 5 1000 0 0.1 0.1 1 -1 10000 21 0.000001 2
3385679 0.000000001 0 1.5 0.2 5 1000 0 0.25 0.25 1 -1 10000 21 0.000001 2
3385680 0.000000001 0 1.5 0.2 5 1000 0 0.4 0.4 1 -1 10000 21 0.000001 2
3385681 0.000000001 0 1.5 0.2 5 1000 0 0.5 0.5 1 -1 10000 21 0.000001 2
3385682 0.000000001 0 3 0.2 1 1000 0 0.001 0.001 1 -1 10000 21 0.000001 2
3385683 0.000000001 0 3 0.2 1 1000 0 0.01 0.01 1 -1 10000 21 0.000001 2
3385684 0.000000001 0 3 0.2 1 1000 0 0.1 0.1 1 -1 10000 21 0.000001 2
3385685 0.000000001 0 3 0.2 1 1000 0 0.25 0.25 1 -1 10000 21 0.000001 2
3385686 0.000000001 0 3 0.2 1 1000 0 0.4 0.4 1 -1 10000 21 0.000001 2
3385687 0.000000001 0 3 0.2 1 1000 0 0.5 0.5 1 -1 10000 21 0.000001 2
3385688 0.000000001 0 3 0.2 2 1000 0 0.001 0.001 1 -1 10000 21 0.000001 2
3385689 0.000000001 0 3 0.2 2 1000 0 0.01 0.01 1 -1 10000 21 0.000001 2
3385690 0.000000001 0 3 0.2 2 1000 0 0.1 0.1 1 -1 10000 21 0.000001 2
3385691 0.000000001 0 3 0.2 2 1000 0 0.25 0.25 1 -1 10000 21 0.000001 2
3385692 0.000000001 0 3 0.2 2 1000 0 0.4 0.4 1 -1 10000 21 0.000001 2
3385693 0.000000001 0 3 0.2 2 1000 0 0.5 0.5 1 -1 10000 21 0.000001 2
3385694 0.000000001 0 3 0.2 3 1000 0 0.001 0.001 1 -1 10000 21 0.000001 2
3385695 0.000000001 0 3 0.2 3 1000 0 0.01 0.01 1 -1 10000 21 0.000001 2
3385696 0.000000001 0 3 0.2 3 1000 0 0.1 0.1 1 -1 10000 21 0.000001 2
3385697 0.000000001 0 3 0.2 3 1000 0 0.25 0.25 1 -1 10000 21 0.000001 2
3385698 0.000000001 0 3 0.2 3 1000 0 0.4 0.4 1 -1 10000 21 0.000001 2
3385699 0.000000001 0 3 0.2 3 1000 0 0.5 0.5 1 -1 10000 21 0.000001 2
3385700 0.000000001 0 3 0.2 4 1000 0 0.001 0.001 1 -1 10000 21 0.000001 2
3385701 0.000000001 0 3 0.2 4 1000 0 0.01 0.01 1 -1 10000 21 0.000001 2
3385702 0.000000001 0 3 0.2 4 1000 0 0.1 0.1 1 -1 10000 21 0.000001 2
3385703 0.000000001 0 3 0.2 4 1000 0 0.25 0.25 1 -1 10000 21 0.000001 2
3385704 0.000000001 0 3 0.2 4 1000 0 0.4 0.4 1 -1 10000 21 0.000001 2
3385705 0.000000001 0 3 0.2 4 1000 0 0.5 0.5 1 -1 10000 21 0.000001 2
3385706 0.000000001 0 3 0.2 5 1000 0 0.001 0.001 1 -1 10000 21 0.000001 2
3385707 0.000000001 0 3 0.2 5 1000 0 0.01 0.01 1 -1 10000 21 0.000001 2
3385708 0.000000001 0 3 0.2 5 1000 0 0.1 0.1 1 -1 10000 21 0.000001 2
3385709 0.000000001 0 3 0.2 5 1000 0 0.25 0.25 1 -1 10000 21 0.000001 2
3385710 0.000000001 0 3 0.2 5 1000 0 0.4 0.4 1 -1 10000 21 0.000001 2
3385711 0.000000001 0 3 0.2 5 1000 0 0.5 0.5 1 -1 10000 21 0.000001 2
3385712 0.000000001 0.001 0.75 0.2 1 1000 0 0.001 0.001 1 -1 10000 21 0.000001 2
3385713 0.000000001 0.001 0.75 0.2 1 1000 0 0.01 0.01 1 -1 10000 21 0.000001 2
3385714 0.000000001 0.001 0.75 0.2 1 1000 0 0.1 0.1 1 -1 10000 21 0.000001 2
3385715 0.000000001 0.001 0.75 0.2 1 1000 0 0.25 0.25 1 -1 10000 21 0.000001 2
3385716 0.000000001 0.001 0.75 0.2 1 1000 0 0.4 0.4 1 -1 10000 21 0.000001 2
3385717 0.000000001 0.001 0.75 0.2 1 1000 0 0.5 0.5 1 -1 10000 21 0.000001 2
3385718 0.000000001 0.001 0.75 0.2 2 1000 0 0.001 0.001 1 -1 10000 21 0.000001 2
3385719 0.000000001 0.001 0.75 0.2 2 1000 0 0.01 0.01 1 -1 10000 21 0.000001 2
3385720 0.000000001 0.001 0.75 0.2 2 1000 0 0.1 0.1 1 -1 10000 21 0.000001 2
3385721 0.000000001 0.001 0.75 0.2 2 1000 0 0.25 0.25 1 -1 10000 21 0.000001 2
3385722 0.000000001 0.001 0.75 0.2 2 1000 0 0.4 0.4 1 -1 10000 21 0.000001 2
3385723 0.000000001 0.001 0.75 0.2 2 1000 0 0.5 0.5 1 -1 10000 21 0.000001 2
3385724 0.000000001 0.001 0.75 0.2 3 1000 0 0.001 0.001 1 -1 10000 21 0.000001 2
3385725 0.000000001 0.001 0.75 0.2 3 1000 0 0.01 0.01 1 -1 10000 21 0.000001 2
3385726 0.000000001 0.001 0.75 0.2 3 1000 0 0.1 0.1 1 -1 10000 21 0.000001 2
3385727 0.000000001 0.001 0.75 0.2 3 1000 0 0.25 0.25 1 -1 10000 21 0.000001 2
3385728 0.000000001 0.001 0.75 0.2 3 1000 0 0.4 0.4 1 -1 10000 21 0.000001 2
3385729 0.000000001 0.001 0.75 0.2 3 1000 0 0.5 0.5 1 -1 10000 21 0.000001 2
3385730 0.000000001 0.001 0.75 0.2 4 1000 0 0.001 0.001 1 -1 10000 21 0.000001 2
3385731 0.000000001 0.001 0.75 0.2 4 1000 0 0.01 0.01 1 -1 10000 21 0.000001 2
3385732 0.000000001 0.001 0.75 0.2 4 1000 0 0.1 0.1 1 -1 10000 21 0.000001 2
3385733 0.000000001 0.001 0.75 0.2 4 1000 0 0.25 0.25 1 -1 10000 21 0.000001 2
3385734 0.000000001 0.001 0.75 0.2 4 1000 0 0.4 0.4 1 -1 10000 21 0.000001 2
3385735 0.000000001 0.001 0.75 0.2 4 1000 0 0.5 0.5 1 -1 10000 21 0.000001 2
3385736 0.000000001 0.001 0.75 0.2 5 1000 0 0.001 0.001 1 -1 10000 21 0.000001 2
3385737 0.000000001 0.001 0.75 0.2 5 1000 0 0.01 0.01 1 -1 10000 21 0.000001 2
3385738 0.000000001 0.001 0.75 0.2 5 1000 0 0.1 0.1 1 -1 10000 21 0.000001 2
3385739 0.000000001 0.001 0.75 0.2 5 1000 0 0.25 0.25 1 -1 10000 21 0.000001 2
3385740 0.000000001 0.001 0.75 0.2 5 1000 0 0.4 0.4 1 -1 10000 21 0.000001 2
3385741 0.000000001 0.001 0.75 0.2 5 1000 0 0.5 0.5 1 -1 10000 21 0.000001 2
3385742 0.000000001 0.001 1.5 0.2 1 1000 0 0.001 0.001 1 -1 10000 21 0.000001 2
3385743 0.000000001 0.001 1.5 0.2 1 1000 0 0.01 0.01 1 -1 10000 21 0.000001 2
3385744 0.000000001 0.001 1.5 0.2 1 1000 0 0.1 0.1 1 -1 10000 21 0.000001 2
3385745 0.000000001 0.001 1.5 0.2 1 1000 0 0.25 0.25 1 -1 10000 21 0.000001 2
3385746 0.000000001 0.001 1.5 0.2 1 1000 0 0.4 0.4 1 -1 10000 21 0.000001 2
3385747 0.000000001 0.001 1.5 0.2 1 1000 0 0.5 0.5 1 -1 10000 21 0.000001 2
3385748 0.000000001 0.001 1.5 0.2 2 1000 0 0.001 0.001 1 -1 10000 21 0.000001 2
3385749 0.000000001 0.001 1.5 0.2 2 1000 0 0.01 0.01 1 -1 10000 21 0.000001 2
3385750 0.000000001 0.001 1.5 0.2 2 1000 0 0.1 0.1 1 -1 10000 21 0.000001 2
3385751 0.000000001 0.001 1.5 0.2 2 1000 0 0.25 0.25 1 -1 10000 21 0.000001 2
3385752 0.000000001 0.001 1.5 0.2 2 1000 0 0.4 0.4 1 -1 10000 21 0.000001 2
3385753 0.000000001 0.001 1.5 0.2 2 1000 0 0.5 0.5 1 -1 10000 21 0.000001 2
3385754 0.000000001 0.001 1.5 0.2 3 1000 0 0.001 0.001 1 -1 10000 21 0.000001 2
3385755 0.000000001 0.001 1.5 0.2 3 1000 0 0.01 0.01 1 -1 10000 21 0.000001 2
3385756 0.000000001 0.001 1.5 0.2 3 1000 0 0.1 0.1 1 -1 10000 21 0.000001 2
3385757 0.000000001 0.001 1.5 0.2 3 1000 0 0.25 0.25 1 -1 10000 21 0.000001 2
3385758 0.000000001 0.001 1.5 0.2 3 1000 0 0.4 0.4 1 -1 10000 21 0.000001 2
3385759 0.000000001 0.001 1.5 0.2 3 1000 0 0.5 0.5 1 -1 10000 21 0.000001 2
3385760 0.000000001 0.001 1.5 0.2 4 1000 0 0.001 0.001 1 -1 10000 21 0.000001 2
3385761 0.000000001 0.001 1.5 0.2 4 1000 0 0.01 0.01 1 -1 10000 21 0.000001 2
3385762 0.000000001 0.001 1.5 0.2 4 1000 0 0.1 0.1 1 -1 10000 21 0.000001 2
3385763 0.000000001 0.001 1.5 0.2 4 1000 0 0.25 0.25 1 -1 10000 21 0.000001 2
3385764 0.000000001 0.001 1.5 0.2 4 1000 0 0.4 0.4 1 -1 10000 21 0.000001 2
3385765 0.000000001 0.001 1.5 0.2 4 1000 0 0.5 0.5 1 -1 10000 21 0.000001 2
3385766 0.000000001 0.001 1.5 0.2 5 1000 0 0.001 0.001 1 -1 10000 21 0.000001 2
3385767 0.000000001 0.001 1.5 0.2 5 1000 0 0.01 0.01 1 -1 10000 21 0.000001 2
3385768 0.000000001 0.001 1.5 0.2 5 1000 0 0.1 0.1 1 -1 10000 21 0.000001 2
3385769 0.000000001 0.001 1.5 0.2 5 1000 0 0.25 0.25 1 -1 10000 21 0.000001 2
3385770 0.000000001 0.001 1.5 0.2 5 1000 0 0.4 0.4 1 -1 10000 21 0.000001 2
3385771 0.000000001 0.001 1.5 0.2 5 1000 0 0.5 0.5 1 -1 10000 21 0.000001 2
3385772 0.000000001 0.001 3 0.2 1 1000 0 0.001 0.001 1 -1 10000 21 0.000001 2
3385773 0.000000001 0.001 3 0.2 1 1000 0 0.01 0.01 1 -1 10000 21 0.000001 2
3385774 0.000000001 0.001 3 0.2 1 1000 0 0.1 0.1 1 -1 10000 21 0.000001 2
3385775 0.000000001 0.001 3 0.2 1 1000 0 0.25 0.25 1 -1 10000 21 0.000001 2
3385776 0.000000001 0.001 3 0.2 1 1000 0 0.4 0.4 1 -1 10000 21 0.000001 2
3385777 0.000000001 0.001 3 0.2 1 1000 0 0.5 0.5 1 -1 10000 21 0.000001 2
3385778 0.000000001 0.001 3 0.2 2 1000 0 0.001 0.001 1 -1 10000 21 0.000001 2
3385779 0.000000001 0.001 3 0.2 2 1000 0 0.01 0.01 1 -1 10000 21 0.000001 2
3385780 0.000000001 0.001 3 0.2 2 1000 0 0.1 0.1 1 -1 10000 21 0.000001 2
3385781 0.000000001 0.001 3 0.2 2 1000 0 0.25 0.25 1 -1 10000 21 0.000001 2
3385782 0.000000001 0.001 3 0.2 2 1000 0 0.4 0.4 1 -1 10000 21 0.000001 2
3385783 0.000000001 0.001 3 0.2 2 1000 0 0.5 0.5 1 -1 10000 21 0.000001 2
3385784 0.000000001 0.001 3 0.2 3 1000 0 0.001 0.001 1 -1 10000 21 0.000001 2
3385785 0.000000001 0.001 3 0.2 3 1000 0 0.01 0.01 1 -1 10000 21 0.000001 2
3385786 0.000000001 0.001 3 0.2 3 1000 0 0.1 0.1 1 -1 10000 21 0.000001 2
3385787 0.000000001 0.001 3 0.2 3 1000 0 0.25 0.25 1 -1 10000 21 0.000001 2
3385788 0.000000001 0.001 3 0.2 3 1000 0 0.4 0.4 1 -1 10000 21 0.000001 2
3385789 0.000000001 0.001 3 0.2 3 1000 0 0.5 0.5 1 -1 10000 21 0.000001 2
3385790 0.000000001 0.001 3 0.2 4 1000 0 0.001 0.001 1 -1 10000 21 0.000001 2
3385791 0.000000001 0.001 3 0.2 4 1000 0 0.01 0.01 1 -1 10000 21 0.000001 2
3385792 0.000000001 0.001 3 0.2 4 1000 0 0.1 0.1 1 -1 10000 21 0.000001 2
3385793 0.000000001 0.001 3 0.2 4 1000 0 0.25 0.25 1 -1 10000 21 0.000001 2
3385794 0.000000001 0.001 3 0.2 4 1000 0 0.4 0.4 1 -1 10000 21 0.000001 2
3385795 0.000000001 0.001 3 0.2 4 1000 0 0.5 0.5 1 -1 10000 21 0.000001 2
3385796 0.000000001 0.001 3 0.2 5 1000 0 0.001 0.001 1 -1 10000 21 0.000001 2
3385797 0.000000001 0.001 3 0.2 5 1000 0 0.01 0.01 1 -1 10000 21 0.000001 2
3385798 0.000000001 0.001 3 0.2 5 1000 0 0.1 0.1 1 -1 10000 21 0.000001 2
3385799 0.000000001 0.001 3 0.2 5 1000 0 0.25 0.25 1 -1 10000 21 0.000001 2
3385800 0.000000001 0.001 3 0.2 5 1000 0 0.4 0.4 1 -1 10000 21 0.000001 2
3385801 0.000000001 0.001 3 0.2 5 1000 0 0.5 0.5 1 -1 10000 21 0.000001 2
