"seed" "muBase" "muInv" "sigmaK" "alpha" "rep" "n" "enVar" "mig1" "mig2" "theta1" "theta2" "burnin" "chromNum" "r" "dom"
3384362 1e-06 0 0.75 0.002 1 1000 0 0.001 0.001 1 -1 10000 21 1e-06 2
3384364 1e-06 0 0.75 0.002 1 1000 0 0.1 0.1 1 -1 10000 21 1e-06 2
3384366 1e-06 0 0.75 0.002 1 1000 0 0.4 0.4 1 -1 10000 21 1e-06 2
3384368 1e-06 0 0.75 0.002 1 1000 0.1 0.001 0.001 1 -1 10000 21 1e-06 2
3384370 1e-06 0 0.75 0.002 1 1000 0.1 0.1 0.1 1 -1 10000 21 1e-06 2
3384372 1e-06 0 0.75 0.002 1 1000 0.1 0.4 0.4 1 -1 10000 21 1e-06 2
3384374 1e-06 0 0.75 0.002 2 1000 0 0.001 0.001 1 -1 10000 21 1e-06 2
3384376 1e-06 0 0.75 0.002 2 1000 0 0.1 0.1 1 -1 10000 21 1e-06 2
3384378 1e-06 0 0.75 0.002 2 1000 0 0.4 0.4 1 -1 10000 21 1e-06 2
3384380 1e-06 0 0.75 0.002 2 1000 0.1 0.001 0.001 1 -1 10000 21 1e-06 2
3384382 1e-06 0 0.75 0.002 2 1000 0.1 0.1 0.1 1 -1 10000 21 1e-06 2
3384384 1e-06 0 0.75 0.002 2 1000 0.1 0.4 0.4 1 -1 10000 21 1e-06 2
3384386 1e-06 0 0.75 0.002 3 1000 0 0.001 0.001 1 -1 10000 21 1e-06 2
3384388 1e-06 0 0.75 0.002 3 1000 0 0.1 0.1 1 -1 10000 21 1e-06 2
3384390 1e-06 0 0.75 0.002 3 1000 0 0.4 0.4 1 -1 10000 21 1e-06 2
3384392 1e-06 0 0.75 0.002 3 1000 0.1 0.001 0.001 1 -1 10000 21 1e-06 2
3384394 1e-06 0 0.75 0.002 3 1000 0.1 0.1 0.1 1 -1 10000 21 1e-06 2
3384396 1e-06 0 0.75 0.002 3 1000 0.1 0.4 0.4 1 -1 10000 21 1e-06 2
3384398 1e-06 0 0.75 0.002 4 1000 0 0.001 0.001 1 -1 10000 21 1e-06 2
3384400 1e-06 0 0.75 0.002 4 1000 0 0.1 0.1 1 -1 10000 21 1e-06 2
3384402 1e-06 0 0.75 0.002 4 1000 0 0.4 0.4 1 -1 10000 21 1e-06 2
3384404 1e-06 0 0.75 0.002 4 1000 0.1 0.001 0.001 1 -1 10000 21 1e-06 2
3384406 1e-06 0 0.75 0.002 4 1000 0.1 0.1 0.1 1 -1 10000 21 1e-06 2
3384408 1e-06 0 0.75 0.002 4 1000 0.1 0.4 0.4 1 -1 10000 21 1e-06 2
3384410 1e-06 0 0.75 0.002 5 1000 0 0.001 0.001 1 -1 10000 21 1e-06 2
3384412 1e-06 0 0.75 0.002 5 1000 0 0.1 0.1 1 -1 10000 21 1e-06 2
3384414 1e-06 0 0.75 0.002 5 1000 0 0.4 0.4 1 -1 10000 21 1e-06 2
3384416 1e-06 0 0.75 0.002 5 1000 0.1 0.001 0.001 1 -1 10000 21 1e-06 2
3384418 1e-06 0 0.75 0.002 5 1000 0.1 0.1 0.1 1 -1 10000 21 1e-06 2
3384420 1e-06 0 0.75 0.002 5 1000 0.1 0.4 0.4 1 -1 10000 21 1e-06 2
3384422 1e-06 0 0.75 0.2 1 1000 0 0.001 0.001 1 -1 10000 21 1e-06 2
3384424 1e-06 0 0.75 0.2 1 1000 0 0.1 0.1 1 -1 10000 21 1e-06 2
3384426 1e-06 0 0.75 0.2 1 1000 0 0.4 0.4 1 -1 10000 21 1e-06 2
3384428 1e-06 0 0.75 0.2 1 1000 0.1 0.001 0.001 1 -1 10000 21 1e-06 2
3384430 1e-06 0 0.75 0.2 1 1000 0.1 0.1 0.1 1 -1 10000 21 1e-06 2
3384432 1e-06 0 0.75 0.2 1 1000 0.1 0.4 0.4 1 -1 10000 21 1e-06 2
3384434 1e-06 0 0.75 0.2 2 1000 0 0.001 0.001 1 -1 10000 21 1e-06 2
3384436 1e-06 0 0.75 0.2 2 1000 0 0.1 0.1 1 -1 10000 21 1e-06 2
3384438 1e-06 0 0.75 0.2 2 1000 0 0.4 0.4 1 -1 10000 21 1e-06 2
3384440 1e-06 0 0.75 0.2 2 1000 0.1 0.001 0.001 1 -1 10000 21 1e-06 2
3384442 1e-06 0 0.75 0.2 2 1000 0.1 0.1 0.1 1 -1 10000 21 1e-06 2
3384444 1e-06 0 0.75 0.2 2 1000 0.1 0.4 0.4 1 -1 10000 21 1e-06 2
3384446 1e-06 0 0.75 0.2 3 1000 0 0.001 0.001 1 -1 10000 21 1e-06 2
3384448 1e-06 0 0.75 0.2 3 1000 0 0.1 0.1 1 -1 10000 21 1e-06 2
3384450 1e-06 0 0.75 0.2 3 1000 0 0.4 0.4 1 -1 10000 21 1e-06 2
3384452 1e-06 0 0.75 0.2 3 1000 0.1 0.001 0.001 1 -1 10000 21 1e-06 2
3384454 1e-06 0 0.75 0.2 3 1000 0.1 0.1 0.1 1 -1 10000 21 1e-06 2
3384456 1e-06 0 0.75 0.2 3 1000 0.1 0.4 0.4 1 -1 10000 21 1e-06 2
3384458 1e-06 0 0.75 0.2 4 1000 0 0.001 0.001 1 -1 10000 21 1e-06 2
3384460 1e-06 0 0.75 0.2 4 1000 0 0.1 0.1 1 -1 10000 21 1e-06 2
3384462 1e-06 0 0.75 0.2 4 1000 0 0.4 0.4 1 -1 10000 21 1e-06 2
3384464 1e-06 0 0.75 0.2 4 1000 0.1 0.001 0.001 1 -1 10000 21 1e-06 2
3384466 1e-06 0 0.75 0.2 4 1000 0.1 0.1 0.1 1 -1 10000 21 1e-06 2
3384468 1e-06 0 0.75 0.2 4 1000 0.1 0.4 0.4 1 -1 10000 21 1e-06 2
3384470 1e-06 0 0.75 0.2 5 1000 0 0.001 0.001 1 -1 10000 21 1e-06 2
3384472 1e-06 0 0.75 0.2 5 1000 0 0.1 0.1 1 -1 10000 21 1e-06 2
3384474 1e-06 0 0.75 0.2 5 1000 0 0.4 0.4 1 -1 10000 21 1e-06 2
3384476 1e-06 0 0.75 0.2 5 1000 0.1 0.001 0.001 1 -1 10000 21 1e-06 2
3384478 1e-06 0 0.75 0.2 5 1000 0.1 0.1 0.1 1 -1 10000 21 1e-06 2
3384480 1e-06 0 0.75 0.2 5 1000 0.1 0.4 0.4 1 -1 10000 21 1e-06 2
3384482 1e-06 0 1.5 0.002 1 1000 0 0.001 0.001 1 -1 10000 21 1e-06 2
3384484 1e-06 0 1.5 0.002 1 1000 0 0.1 0.1 1 -1 10000 21 1e-06 2
3384486 1e-06 0 1.5 0.002 1 1000 0 0.4 0.4 1 -1 10000 21 1e-06 2
3384488 1e-06 0 1.5 0.002 1 1000 0.1 0.001 0.001 1 -1 10000 21 1e-06 2
3384490 1e-06 0 1.5 0.002 1 1000 0.1 0.1 0.1 1 -1 10000 21 1e-06 2
3384492 1e-06 0 1.5 0.002 1 1000 0.1 0.4 0.4 1 -1 10000 21 1e-06 2
3384494 1e-06 0 1.5 0.002 2 1000 0 0.001 0.001 1 -1 10000 21 1e-06 2
3384496 1e-06 0 1.5 0.002 2 1000 0 0.1 0.1 1 -1 10000 21 1e-06 2
3384498 1e-06 0 1.5 0.002 2 1000 0 0.4 0.4 1 -1 10000 21 1e-06 2
3384500 1e-06 0 1.5 0.002 2 1000 0.1 0.001 0.001 1 -1 10000 21 1e-06 2
3384502 1e-06 0 1.5 0.002 2 1000 0.1 0.1 0.1 1 -1 10000 21 1e-06 2
3384504 1e-06 0 1.5 0.002 2 1000 0.1 0.4 0.4 1 -1 10000 21 1e-06 2
3384506 1e-06 0 1.5 0.002 3 1000 0 0.001 0.001 1 -1 10000 21 1e-06 2
3384508 1e-06 0 1.5 0.002 3 1000 0 0.1 0.1 1 -1 10000 21 1e-06 2
3384510 1e-06 0 1.5 0.002 3 1000 0 0.4 0.4 1 -1 10000 21 1e-06 2
3384512 1e-06 0 1.5 0.002 3 1000 0.1 0.001 0.001 1 -1 10000 21 1e-06 2
3384514 1e-06 0 1.5 0.002 3 1000 0.1 0.1 0.1 1 -1 10000 21 1e-06 2
3384516 1e-06 0 1.5 0.002 3 1000 0.1 0.4 0.4 1 -1 10000 21 1e-06 2
3384518 1e-06 0 1.5 0.002 4 1000 0 0.001 0.001 1 -1 10000 21 1e-06 2
3384520 1e-06 0 1.5 0.002 4 1000 0 0.1 0.1 1 -1 10000 21 1e-06 2
3384522 1e-06 0 1.5 0.002 4 1000 0 0.4 0.4 1 -1 10000 21 1e-06 2
3384524 1e-06 0 1.5 0.002 4 1000 0.1 0.001 0.001 1 -1 10000 21 1e-06 2
3384526 1e-06 0 1.5 0.002 4 1000 0.1 0.1 0.1 1 -1 10000 21 1e-06 2
3384528 1e-06 0 1.5 0.002 4 1000 0.1 0.4 0.4 1 -1 10000 21 1e-06 2
3384530 1e-06 0 1.5 0.002 5 1000 0 0.001 0.001 1 -1 10000 21 1e-06 2
3384532 1e-06 0 1.5 0.002 5 1000 0 0.1 0.1 1 -1 10000 21 1e-06 2
3384534 1e-06 0 1.5 0.002 5 1000 0 0.4 0.4 1 -1 10000 21 1e-06 2
3384536 1e-06 0 1.5 0.002 5 1000 0.1 0.001 0.001 1 -1 10000 21 1e-06 2
3384538 1e-06 0 1.5 0.002 5 1000 0.1 0.1 0.1 1 -1 10000 21 1e-06 2
3384540 1e-06 0 1.5 0.002 5 1000 0.1 0.4 0.4 1 -1 10000 21 1e-06 2
3384542 1e-06 0 1.5 0.2 1 1000 0 0.001 0.001 1 -1 10000 21 1e-06 2
3384544 1e-06 0 1.5 0.2 1 1000 0 0.1 0.1 1 -1 10000 21 1e-06 2
3384546 1e-06 0 1.5 0.2 1 1000 0 0.4 0.4 1 -1 10000 21 1e-06 2
3384548 1e-06 0 1.5 0.2 1 1000 0.1 0.001 0.001 1 -1 10000 21 1e-06 2
3384550 1e-06 0 1.5 0.2 1 1000 0.1 0.1 0.1 1 -1 10000 21 1e-06 2
3384552 1e-06 0 1.5 0.2 1 1000 0.1 0.4 0.4 1 -1 10000 21 1e-06 2
3384554 1e-06 0 1.5 0.2 2 1000 0 0.001 0.001 1 -1 10000 21 1e-06 2
3384556 1e-06 0 1.5 0.2 2 1000 0 0.1 0.1 1 -1 10000 21 1e-06 2
3384558 1e-06 0 1.5 0.2 2 1000 0 0.4 0.4 1 -1 10000 21 1e-06 2
3384560 1e-06 0 1.5 0.2 2 1000 0.1 0.001 0.001 1 -1 10000 21 1e-06 2
3384562 1e-06 0 1.5 0.2 2 1000 0.1 0.1 0.1 1 -1 10000 21 1e-06 2
3384564 1e-06 0 1.5 0.2 2 1000 0.1 0.4 0.4 1 -1 10000 21 1e-06 2
3384566 1e-06 0 1.5 0.2 3 1000 0 0.001 0.001 1 -1 10000 21 1e-06 2
3384568 1e-06 0 1.5 0.2 3 1000 0 0.1 0.1 1 -1 10000 21 1e-06 2
3384570 1e-06 0 1.5 0.2 3 1000 0 0.4 0.4 1 -1 10000 21 1e-06 2
3384572 1e-06 0 1.5 0.2 3 1000 0.1 0.001 0.001 1 -1 10000 21 1e-06 2
3384574 1e-06 0 1.5 0.2 3 1000 0.1 0.1 0.1 1 -1 10000 21 1e-06 2
3384576 1e-06 0 1.5 0.2 3 1000 0.1 0.4 0.4 1 -1 10000 21 1e-06 2
3384578 1e-06 0 1.5 0.2 4 1000 0 0.001 0.001 1 -1 10000 21 1e-06 2
3384580 1e-06 0 1.5 0.2 4 1000 0 0.1 0.1 1 -1 10000 21 1e-06 2
3384582 1e-06 0 1.5 0.2 4 1000 0 0.4 0.4 1 -1 10000 21 1e-06 2
3384584 1e-06 0 1.5 0.2 4 1000 0.1 0.001 0.001 1 -1 10000 21 1e-06 2
3384586 1e-06 0 1.5 0.2 4 1000 0.1 0.1 0.1 1 -1 10000 21 1e-06 2
3384588 1e-06 0 1.5 0.2 4 1000 0.1 0.4 0.4 1 -1 10000 21 1e-06 2
3384590 1e-06 0 1.5 0.2 5 1000 0 0.001 0.001 1 -1 10000 21 1e-06 2
3384592 1e-06 0 1.5 0.2 5 1000 0 0.1 0.1 1 -1 10000 21 1e-06 2
3384594 1e-06 0 1.5 0.2 5 1000 0 0.4 0.4 1 -1 10000 21 1e-06 2
3384596 1e-06 0 1.5 0.2 5 1000 0.1 0.001 0.001 1 -1 10000 21 1e-06 2
3384598 1e-06 0 1.5 0.2 5 1000 0.1 0.1 0.1 1 -1 10000 21 1e-06 2
3384600 1e-06 0 1.5 0.2 5 1000 0.1 0.4 0.4 1 -1 10000 21 1e-06 2
3384602 1e-06 0 3 0.002 1 1000 0 0.001 0.001 1 -1 10000 21 1e-06 2
3384604 1e-06 0 3 0.002 1 1000 0 0.1 0.1 1 -1 10000 21 1e-06 2
3384606 1e-06 0 3 0.002 1 1000 0 0.4 0.4 1 -1 10000 21 1e-06 2
3384608 1e-06 0 3 0.002 1 1000 0.1 0.001 0.001 1 -1 10000 21 1e-06 2
3384610 1e-06 0 3 0.002 1 1000 0.1 0.1 0.1 1 -1 10000 21 1e-06 2
3384612 1e-06 0 3 0.002 1 1000 0.1 0.4 0.4 1 -1 10000 21 1e-06 2
3384614 1e-06 0 3 0.002 2 1000 0 0.001 0.001 1 -1 10000 21 1e-06 2
3384616 1e-06 0 3 0.002 2 1000 0 0.1 0.1 1 -1 10000 21 1e-06 2
3384618 1e-06 0 3 0.002 2 1000 0 0.4 0.4 1 -1 10000 21 1e-06 2
3384620 1e-06 0 3 0.002 2 1000 0.1 0.001 0.001 1 -1 10000 21 1e-06 2
3384622 1e-06 0 3 0.002 2 1000 0.1 0.1 0.1 1 -1 10000 21 1e-06 2
3384624 1e-06 0 3 0.002 2 1000 0.1 0.4 0.4 1 -1 10000 21 1e-06 2
3384626 1e-06 0 3 0.002 3 1000 0 0.001 0.001 1 -1 10000 21 1e-06 2
3384628 1e-06 0 3 0.002 3 1000 0 0.1 0.1 1 -1 10000 21 1e-06 2
3384630 1e-06 0 3 0.002 3 1000 0 0.4 0.4 1 -1 10000 21 1e-06 2
3384632 1e-06 0 3 0.002 3 1000 0.1 0.001 0.001 1 -1 10000 21 1e-06 2
3384634 1e-06 0 3 0.002 3 1000 0.1 0.1 0.1 1 -1 10000 21 1e-06 2
3384636 1e-06 0 3 0.002 3 1000 0.1 0.4 0.4 1 -1 10000 21 1e-06 2
3384638 1e-06 0 3 0.002 4 1000 0 0.001 0.001 1 -1 10000 21 1e-06 2
3384640 1e-06 0 3 0.002 4 1000 0 0.1 0.1 1 -1 10000 21 1e-06 2
3384642 1e-06 0 3 0.002 4 1000 0 0.4 0.4 1 -1 10000 21 1e-06 2
3384644 1e-06 0 3 0.002 4 1000 0.1 0.001 0.001 1 -1 10000 21 1e-06 2
3384646 1e-06 0 3 0.002 4 1000 0.1 0.1 0.1 1 -1 10000 21 1e-06 2
3384648 1e-06 0 3 0.002 4 1000 0.1 0.4 0.4 1 -1 10000 21 1e-06 2
3384650 1e-06 0 3 0.002 5 1000 0 0.001 0.001 1 -1 10000 21 1e-06 2
3384652 1e-06 0 3 0.002 5 1000 0 0.1 0.1 1 -1 10000 21 1e-06 2
3384654 1e-06 0 3 0.002 5 1000 0 0.4 0.4 1 -1 10000 21 1e-06 2
3384656 1e-06 0 3 0.002 5 1000 0.1 0.001 0.001 1 -1 10000 21 1e-06 2
3384658 1e-06 0 3 0.002 5 1000 0.1 0.1 0.1 1 -1 10000 21 1e-06 2
3384660 1e-06 0 3 0.002 5 1000 0.1 0.4 0.4 1 -1 10000 21 1e-06 2
3384662 1e-06 0 3 0.2 1 1000 0 0.001 0.001 1 -1 10000 21 1e-06 2
3384664 1e-06 0 3 0.2 1 1000 0 0.1 0.1 1 -1 10000 21 1e-06 2
3384666 1e-06 0 3 0.2 1 1000 0 0.4 0.4 1 -1 10000 21 1e-06 2
3384668 1e-06 0 3 0.2 1 1000 0.1 0.001 0.001 1 -1 10000 21 1e-06 2
3384670 1e-06 0 3 0.2 1 1000 0.1 0.1 0.1 1 -1 10000 21 1e-06 2
3384672 1e-06 0 3 0.2 1 1000 0.1 0.4 0.4 1 -1 10000 21 1e-06 2
3384674 1e-06 0 3 0.2 2 1000 0 0.001 0.001 1 -1 10000 21 1e-06 2
3384676 1e-06 0 3 0.2 2 1000 0 0.1 0.1 1 -1 10000 21 1e-06 2
3384678 1e-06 0 3 0.2 2 1000 0 0.4 0.4 1 -1 10000 21 1e-06 2
3384680 1e-06 0 3 0.2 2 1000 0.1 0.001 0.001 1 -1 10000 21 1e-06 2
3384682 1e-06 0 3 0.2 2 1000 0.1 0.1 0.1 1 -1 10000 21 1e-06 2
3384684 1e-06 0 3 0.2 2 1000 0.1 0.4 0.4 1 -1 10000 21 1e-06 2
3384686 1e-06 0 3 0.2 3 1000 0 0.001 0.001 1 -1 10000 21 1e-06 2
3384688 1e-06 0 3 0.2 3 1000 0 0.1 0.1 1 -1 10000 21 1e-06 2
3384690 1e-06 0 3 0.2 3 1000 0 0.4 0.4 1 -1 10000 21 1e-06 2
3384692 1e-06 0 3 0.2 3 1000 0.1 0.001 0.001 1 -1 10000 21 1e-06 2
3384694 1e-06 0 3 0.2 3 1000 0.1 0.1 0.1 1 -1 10000 21 1e-06 2
3384696 1e-06 0 3 0.2 3 1000 0.1 0.4 0.4 1 -1 10000 21 1e-06 2
3384698 1e-06 0 3 0.2 4 1000 0 0.001 0.001 1 -1 10000 21 1e-06 2
3384700 1e-06 0 3 0.2 4 1000 0 0.1 0.1 1 -1 10000 21 1e-06 2
3384702 1e-06 0 3 0.2 4 1000 0 0.4 0.4 1 -1 10000 21 1e-06 2
3384704 1e-06 0 3 0.2 4 1000 0.1 0.001 0.001 1 -1 10000 21 1e-06 2
3384706 1e-06 0 3 0.2 4 1000 0.1 0.1 0.1 1 -1 10000 21 1e-06 2
3384708 1e-06 0 3 0.2 4 1000 0.1 0.4 0.4 1 -1 10000 21 1e-06 2
3384710 1e-06 0 3 0.2 5 1000 0 0.001 0.001 1 -1 10000 21 1e-06 2
3384712 1e-06 0 3 0.2 5 1000 0 0.1 0.1 1 -1 10000 21 1e-06 2
3384714 1e-06 0 3 0.2 5 1000 0 0.4 0.4 1 -1 10000 21 1e-06 2
3384716 1e-06 0 3 0.2 5 1000 0.1 0.001 0.001 1 -1 10000 21 1e-06 2
3384718 1e-06 0 3 0.2 5 1000 0.1 0.1 0.1 1 -1 10000 21 1e-06 2
3384720 1e-06 0 3 0.2 5 1000 0.1 0.4 0.4 1 -1 10000 21 1e-06 2
3384722 1e-06 0.001 0.75 0.002 1 1000 0 0.001 0.001 1 -1 10000 21 1e-06 2
3384724 1e-06 0.001 0.75 0.002 1 1000 0 0.1 0.1 1 -1 10000 21 1e-06 2
3384726 1e-06 0.001 0.75 0.002 1 1000 0 0.4 0.4 1 -1 10000 21 1e-06 2
3384728 1e-06 0.001 0.75 0.002 1 1000 0.1 0.001 0.001 1 -1 10000 21 1e-06 2
3384730 1e-06 0.001 0.75 0.002 1 1000 0.1 0.1 0.1 1 -1 10000 21 1e-06 2
3384732 1e-06 0.001 0.75 0.002 1 1000 0.1 0.4 0.4 1 -1 10000 21 1e-06 2
3384734 1e-06 0.001 0.75 0.002 2 1000 0 0.001 0.001 1 -1 10000 21 1e-06 2
3384736 1e-06 0.001 0.75 0.002 2 1000 0 0.1 0.1 1 -1 10000 21 1e-06 2
3384738 1e-06 0.001 0.75 0.002 2 1000 0 0.4 0.4 1 -1 10000 21 1e-06 2
3384740 1e-06 0.001 0.75 0.002 2 1000 0.1 0.001 0.001 1 -1 10000 21 1e-06 2
3384742 1e-06 0.001 0.75 0.002 2 1000 0.1 0.1 0.1 1 -1 10000 21 1e-06 2
3384744 1e-06 0.001 0.75 0.002 2 1000 0.1 0.4 0.4 1 -1 10000 21 1e-06 2
3384746 1e-06 0.001 0.75 0.002 3 1000 0 0.001 0.001 1 -1 10000 21 1e-06 2
3384748 1e-06 0.001 0.75 0.002 3 1000 0 0.1 0.1 1 -1 10000 21 1e-06 2
3384750 1e-06 0.001 0.75 0.002 3 1000 0 0.4 0.4 1 -1 10000 21 1e-06 2
3384752 1e-06 0.001 0.75 0.002 3 1000 0.1 0.001 0.001 1 -1 10000 21 1e-06 2
3384754 1e-06 0.001 0.75 0.002 3 1000 0.1 0.1 0.1 1 -1 10000 21 1e-06 2
3384756 1e-06 0.001 0.75 0.002 3 1000 0.1 0.4 0.4 1 -1 10000 21 1e-06 2
3384758 1e-06 0.001 0.75 0.002 4 1000 0 0.001 0.001 1 -1 10000 21 1e-06 2
3384760 1e-06 0.001 0.75 0.002 4 1000 0 0.1 0.1 1 -1 10000 21 1e-06 2
3384762 1e-06 0.001 0.75 0.002 4 1000 0 0.4 0.4 1 -1 10000 21 1e-06 2
3384764 1e-06 0.001 0.75 0.002 4 1000 0.1 0.001 0.001 1 -1 10000 21 1e-06 2
3384766 1e-06 0.001 0.75 0.002 4 1000 0.1 0.1 0.1 1 -1 10000 21 1e-06 2
3384768 1e-06 0.001 0.75 0.002 4 1000 0.1 0.4 0.4 1 -1 10000 21 1e-06 2
3384770 1e-06 0.001 0.75 0.002 5 1000 0 0.001 0.001 1 -1 10000 21 1e-06 2
3384772 1e-06 0.001 0.75 0.002 5 1000 0 0.1 0.1 1 -1 10000 21 1e-06 2
3384774 1e-06 0.001 0.75 0.002 5 1000 0 0.4 0.4 1 -1 10000 21 1e-06 2
3384776 1e-06 0.001 0.75 0.002 5 1000 0.1 0.001 0.001 1 -1 10000 21 1e-06 2
3384778 1e-06 0.001 0.75 0.002 5 1000 0.1 0.1 0.1 1 -1 10000 21 1e-06 2
3384780 1e-06 0.001 0.75 0.002 5 1000 0.1 0.4 0.4 1 -1 10000 21 1e-06 2
3384780 1e-06 0.001 0.75 0.002 5 1000 0.1 0.4 0.4 1 -1 10000 21 1e-06 2
3384781 1e-06 0.001 0.75 0.002 5 1000 0.1 0.5 0.5 1 -1 10000 21 1e-06 2
3384782 1e-06 0.001 0.75 0.2 1 1000 0 0.001 0.001 1 -1 10000 21 1e-06 2
3384783 1e-06 0.001 0.75 0.2 1 1000 0 0.01 0.01 1 -1 10000 21 1e-06 2
3384784 1e-06 0.001 0.75 0.2 1 1000 0 0.1 0.1 1 -1 10000 21 1e-06 2
3384785 1e-06 0.001 0.75 0.2 1 1000 0 0.25 0.25 1 -1 10000 21 1e-06 2
3384786 1e-06 0.001 0.75 0.2 1 1000 0 0.4 0.4 1 -1 10000 21 1e-06 2
3384787 1e-06 0.001 0.75 0.2 1 1000 0 0.5 0.5 1 -1 10000 21 1e-06 2
3384788 1e-06 0.001 0.75 0.2 1 1000 0.1 0.001 0.001 1 -1 10000 21 1e-06 2
3384789 1e-06 0.001 0.75 0.2 1 1000 0.1 0.01 0.01 1 -1 10000 21 1e-06 2
3384790 1e-06 0.001 0.75 0.2 1 1000 0.1 0.1 0.1 1 -1 10000 21 1e-06 2
3384791 1e-06 0.001 0.75 0.2 1 1000 0.1 0.25 0.25 1 -1 10000 21 1e-06 2
3384792 1e-06 0.001 0.75 0.2 1 1000 0.1 0.4 0.4 1 -1 10000 21 1e-06 2
3384793 1e-06 0.001 0.75 0.2 1 1000 0.1 0.5 0.5 1 -1 10000 21 1e-06 2
3384794 1e-06 0.001 0.75 0.2 2 1000 0 0.001 0.001 1 -1 10000 21 1e-06 2
3384795 1e-06 0.001 0.75 0.2 2 1000 0 0.01 0.01 1 -1 10000 21 1e-06 2
3384796 1e-06 0.001 0.75 0.2 2 1000 0 0.1 0.1 1 -1 10000 21 1e-06 2
3384797 1e-06 0.001 0.75 0.2 2 1000 0 0.25 0.25 1 -1 10000 21 1e-06 2
3384798 1e-06 0.001 0.75 0.2 2 1000 0 0.4 0.4 1 -1 10000 21 1e-06 2
3384799 1e-06 0.001 0.75 0.2 2 1000 0 0.5 0.5 1 -1 10000 21 1e-06 2
3384800 1e-06 0.001 0.75 0.2 2 1000 0.1 0.001 0.001 1 -1 10000 21 1e-06 2
3384801 1e-06 0.001 0.75 0.2 2 1000 0.1 0.01 0.01 1 -1 10000 21 1e-06 2
3384802 1e-06 0.001 0.75 0.2 2 1000 0.1 0.1 0.1 1 -1 10000 21 1e-06 2
3384803 1e-06 0.001 0.75 0.2 2 1000 0.1 0.25 0.25 1 -1 10000 21 1e-06 2
3384804 1e-06 0.001 0.75 0.2 2 1000 0.1 0.4 0.4 1 -1 10000 21 1e-06 2
3384805 1e-06 0.001 0.75 0.2 2 1000 0.1 0.5 0.5 1 -1 10000 21 1e-06 2
3384806 1e-06 0.001 0.75 0.2 3 1000 0 0.001 0.001 1 -1 10000 21 1e-06 2
3384807 1e-06 0.001 0.75 0.2 3 1000 0 0.01 0.01 1 -1 10000 21 1e-06 2
3384808 1e-06 0.001 0.75 0.2 3 1000 0 0.1 0.1 1 -1 10000 21 1e-06 2
3384809 1e-06 0.001 0.75 0.2 3 1000 0 0.25 0.25 1 -1 10000 21 1e-06 2
3384810 1e-06 0.001 0.75 0.2 3 1000 0 0.4 0.4 1 -1 10000 21 1e-06 2
3384811 1e-06 0.001 0.75 0.2 3 1000 0 0.5 0.5 1 -1 10000 21 1e-06 2
3384812 1e-06 0.001 0.75 0.2 3 1000 0.1 0.001 0.001 1 -1 10000 21 1e-06 2
3384813 1e-06 0.001 0.75 0.2 3 1000 0.1 0.01 0.01 1 -1 10000 21 1e-06 2
3384814 1e-06 0.001 0.75 0.2 3 1000 0.1 0.1 0.1 1 -1 10000 21 1e-06 2
3384815 1e-06 0.001 0.75 0.2 3 1000 0.1 0.25 0.25 1 -1 10000 21 1e-06 2
3384816 1e-06 0.001 0.75 0.2 3 1000 0.1 0.4 0.4 1 -1 10000 21 1e-06 2
3384817 1e-06 0.001 0.75 0.2 3 1000 0.1 0.5 0.5 1 -1 10000 21 1e-06 2
3384818 1e-06 0.001 0.75 0.2 4 1000 0 0.001 0.001 1 -1 10000 21 1e-06 2
3384819 1e-06 0.001 0.75 0.2 4 1000 0 0.01 0.01 1 -1 10000 21 1e-06 2
3384820 1e-06 0.001 0.75 0.2 4 1000 0 0.1 0.1 1 -1 10000 21 1e-06 2
3384821 1e-06 0.001 0.75 0.2 4 1000 0 0.25 0.25 1 -1 10000 21 1e-06 2
3384822 1e-06 0.001 0.75 0.2 4 1000 0 0.4 0.4 1 -1 10000 21 1e-06 2
3384823 1e-06 0.001 0.75 0.2 4 1000 0 0.5 0.5 1 -1 10000 21 1e-06 2
3384824 1e-06 0.001 0.75 0.2 4 1000 0.1 0.001 0.001 1 -1 10000 21 1e-06 2
3384825 1e-06 0.001 0.75 0.2 4 1000 0.1 0.01 0.01 1 -1 10000 21 1e-06 2
3384826 1e-06 0.001 0.75 0.2 4 1000 0.1 0.1 0.1 1 -1 10000 21 1e-06 2
3384827 1e-06 0.001 0.75 0.2 4 1000 0.1 0.25 0.25 1 -1 10000 21 1e-06 2
3384828 1e-06 0.001 0.75 0.2 4 1000 0.1 0.4 0.4 1 -1 10000 21 1e-06 2
3384829 1e-06 0.001 0.75 0.2 4 1000 0.1 0.5 0.5 1 -1 10000 21 1e-06 2
3384830 1e-06 0.001 0.75 0.2 5 1000 0 0.001 0.001 1 -1 10000 21 1e-06 2
3384831 1e-06 0.001 0.75 0.2 5 1000 0 0.01 0.01 1 -1 10000 21 1e-06 2
3384832 1e-06 0.001 0.75 0.2 5 1000 0 0.1 0.1 1 -1 10000 21 1e-06 2
3384833 1e-06 0.001 0.75 0.2 5 1000 0 0.25 0.25 1 -1 10000 21 1e-06 2
3384834 1e-06 0.001 0.75 0.2 5 1000 0 0.4 0.4 1 -1 10000 21 1e-06 2
3384835 1e-06 0.001 0.75 0.2 5 1000 0 0.5 0.5 1 -1 10000 21 1e-06 2
3384836 1e-06 0.001 0.75 0.2 5 1000 0.1 0.001 0.001 1 -1 10000 21 1e-06 2
3384837 1e-06 0.001 0.75 0.2 5 1000 0.1 0.01 0.01 1 -1 10000 21 1e-06 2
3384838 1e-06 0.001 0.75 0.2 5 1000 0.1 0.1 0.1 1 -1 10000 21 1e-06 2
3384839 1e-06 0.001 0.75 0.2 5 1000 0.1 0.25 0.25 1 -1 10000 21 1e-06 2
3384840 1e-06 0.001 0.75 0.2 5 1000 0.1 0.4 0.4 1 -1 10000 21 1e-06 2
3384841 1e-06 0.001 0.75 0.2 5 1000 0.1 0.5 0.5 1 -1 10000 21 1e-06 2
3384842 1e-06 0.001 1.5 0.002 1 1000 0 0.001 0.001 1 -1 10000 21 1e-06 2
3384843 1e-06 0.001 1.5 0.002 1 1000 0 0.01 0.01 1 -1 10000 21 1e-06 2
3384844 1e-06 0.001 1.5 0.002 1 1000 0 0.1 0.1 1 -1 10000 21 1e-06 2
3384845 1e-06 0.001 1.5 0.002 1 1000 0 0.25 0.25 1 -1 10000 21 1e-06 2
3384846 1e-06 0.001 1.5 0.002 1 1000 0 0.4 0.4 1 -1 10000 21 1e-06 2
3384847 1e-06 0.001 1.5 0.002 1 1000 0 0.5 0.5 1 -1 10000 21 1e-06 2
3384848 1e-06 0.001 1.5 0.002 1 1000 0.1 0.001 0.001 1 -1 10000 21 1e-06 2
3384849 1e-06 0.001 1.5 0.002 1 1000 0.1 0.01 0.01 1 -1 10000 21 1e-06 2
3384850 1e-06 0.001 1.5 0.002 1 1000 0.1 0.1 0.1 1 -1 10000 21 1e-06 2
3384851 1e-06 0.001 1.5 0.002 1 1000 0.1 0.25 0.25 1 -1 10000 21 1e-06 2
3384852 1e-06 0.001 1.5 0.002 1 1000 0.1 0.4 0.4 1 -1 10000 21 1e-06 2
3384853 1e-06 0.001 1.5 0.002 1 1000 0.1 0.5 0.5 1 -1 10000 21 1e-06 2
3384854 1e-06 0.001 1.5 0.002 2 1000 0 0.001 0.001 1 -1 10000 21 1e-06 2
3384855 1e-06 0.001 1.5 0.002 2 1000 0 0.01 0.01 1 -1 10000 21 1e-06 2
3384856 1e-06 0.001 1.5 0.002 2 1000 0 0.1 0.1 1 -1 10000 21 1e-06 2
3384857 1e-06 0.001 1.5 0.002 2 1000 0 0.25 0.25 1 -1 10000 21 1e-06 2
3384858 1e-06 0.001 1.5 0.002 2 1000 0 0.4 0.4 1 -1 10000 21 1e-06 2
3384859 1e-06 0.001 1.5 0.002 2 1000 0 0.5 0.5 1 -1 10000 21 1e-06 2
3384860 1e-06 0.001 1.5 0.002 2 1000 0.1 0.001 0.001 1 -1 10000 21 1e-06 2
3384861 1e-06 0.001 1.5 0.002 2 1000 0.1 0.01 0.01 1 -1 10000 21 1e-06 2
3384862 1e-06 0.001 1.5 0.002 2 1000 0.1 0.1 0.1 1 -1 10000 21 1e-06 2
3384863 1e-06 0.001 1.5 0.002 2 1000 0.1 0.25 0.25 1 -1 10000 21 1e-06 2
3384864 1e-06 0.001 1.5 0.002 2 1000 0.1 0.4 0.4 1 -1 10000 21 1e-06 2
3384865 1e-06 0.001 1.5 0.002 2 1000 0.1 0.5 0.5 1 -1 10000 21 1e-06 2
3384866 1e-06 0.001 1.5 0.002 3 1000 0 0.001 0.001 1 -1 10000 21 1e-06 2
3384867 1e-06 0.001 1.5 0.002 3 1000 0 0.01 0.01 1 -1 10000 21 1e-06 2
3384868 1e-06 0.001 1.5 0.002 3 1000 0 0.1 0.1 1 -1 10000 21 1e-06 2
3384869 1e-06 0.001 1.5 0.002 3 1000 0 0.25 0.25 1 -1 10000 21 1e-06 2
3384870 1e-06 0.001 1.5 0.002 3 1000 0 0.4 0.4 1 -1 10000 21 1e-06 2
3384871 1e-06 0.001 1.5 0.002 3 1000 0 0.5 0.5 1 -1 10000 21 1e-06 2
3384872 1e-06 0.001 1.5 0.002 3 1000 0.1 0.001 0.001 1 -1 10000 21 1e-06 2
3384873 1e-06 0.001 1.5 0.002 3 1000 0.1 0.01 0.01 1 -1 10000 21 1e-06 2
3384874 1e-06 0.001 1.5 0.002 3 1000 0.1 0.1 0.1 1 -1 10000 21 1e-06 2
3384875 1e-06 0.001 1.5 0.002 3 1000 0.1 0.25 0.25 1 -1 10000 21 1e-06 2
3384876 1e-06 0.001 1.5 0.002 3 1000 0.1 0.4 0.4 1 -1 10000 21 1e-06 2
3384877 1e-06 0.001 1.5 0.002 3 1000 0.1 0.5 0.5 1 -1 10000 21 1e-06 2
3384878 1e-06 0.001 1.5 0.002 4 1000 0 0.001 0.001 1 -1 10000 21 1e-06 2
3384879 1e-06 0.001 1.5 0.002 4 1000 0 0.01 0.01 1 -1 10000 21 1e-06 2
3384880 1e-06 0.001 1.5 0.002 4 1000 0 0.1 0.1 1 -1 10000 21 1e-06 2
3384881 1e-06 0.001 1.5 0.002 4 1000 0 0.25 0.25 1 -1 10000 21 1e-06 2
3384882 1e-06 0.001 1.5 0.002 4 1000 0 0.4 0.4 1 -1 10000 21 1e-06 2
3384883 1e-06 0.001 1.5 0.002 4 1000 0 0.5 0.5 1 -1 10000 21 1e-06 2
3384884 1e-06 0.001 1.5 0.002 4 1000 0.1 0.001 0.001 1 -1 10000 21 1e-06 2
3384885 1e-06 0.001 1.5 0.002 4 1000 0.1 0.01 0.01 1 -1 10000 21 1e-06 2
3384886 1e-06 0.001 1.5 0.002 4 1000 0.1 0.1 0.1 1 -1 10000 21 1e-06 2
3384887 1e-06 0.001 1.5 0.002 4 1000 0.1 0.25 0.25 1 -1 10000 21 1e-06 2
3384888 1e-06 0.001 1.5 0.002 4 1000 0.1 0.4 0.4 1 -1 10000 21 1e-06 2
3384889 1e-06 0.001 1.5 0.002 4 1000 0.1 0.5 0.5 1 -1 10000 21 1e-06 2
3384890 1e-06 0.001 1.5 0.002 5 1000 0 0.001 0.001 1 -1 10000 21 1e-06 2
3384891 1e-06 0.001 1.5 0.002 5 1000 0 0.01 0.01 1 -1 10000 21 1e-06 2
3384892 1e-06 0.001 1.5 0.002 5 1000 0 0.1 0.1 1 -1 10000 21 1e-06 2
3384893 1e-06 0.001 1.5 0.002 5 1000 0 0.25 0.25 1 -1 10000 21 1e-06 2
3384894 1e-06 0.001 1.5 0.002 5 1000 0 0.4 0.4 1 -1 10000 21 1e-06 2
3384895 1e-06 0.001 1.5 0.002 5 1000 0 0.5 0.5 1 -1 10000 21 1e-06 2
3384896 1e-06 0.001 1.5 0.002 5 1000 0.1 0.001 0.001 1 -1 10000 21 1e-06 2
3384897 1e-06 0.001 1.5 0.002 5 1000 0.1 0.01 0.01 1 -1 10000 21 1e-06 2
3384898 1e-06 0.001 1.5 0.002 5 1000 0.1 0.1 0.1 1 -1 10000 21 1e-06 2
3384899 1e-06 0.001 1.5 0.002 5 1000 0.1 0.25 0.25 1 -1 10000 21 1e-06 2
3384900 1e-06 0.001 1.5 0.002 5 1000 0.1 0.4 0.4 1 -1 10000 21 1e-06 2
3384901 1e-06 0.001 1.5 0.002 5 1000 0.1 0.5 0.5 1 -1 10000 21 1e-06 2
3384902 1e-06 0.001 1.5 0.2 1 1000 0 0.001 0.001 1 -1 10000 21 1e-06 2
3384903 1e-06 0.001 1.5 0.2 1 1000 0 0.01 0.01 1 -1 10000 21 1e-06 2
3384904 1e-06 0.001 1.5 0.2 1 1000 0 0.1 0.1 1 -1 10000 21 1e-06 2
3384905 1e-06 0.001 1.5 0.2 1 1000 0 0.25 0.25 1 -1 10000 21 1e-06 2
3384906 1e-06 0.001 1.5 0.2 1 1000 0 0.4 0.4 1 -1 10000 21 1e-06 2
3384907 1e-06 0.001 1.5 0.2 1 1000 0 0.5 0.5 1 -1 10000 21 1e-06 2
3384908 1e-06 0.001 1.5 0.2 1 1000 0.1 0.001 0.001 1 -1 10000 21 1e-06 2
3384909 1e-06 0.001 1.5 0.2 1 1000 0.1 0.01 0.01 1 -1 10000 21 1e-06 2
3384910 1e-06 0.001 1.5 0.2 1 1000 0.1 0.1 0.1 1 -1 10000 21 1e-06 2
3384911 1e-06 0.001 1.5 0.2 1 1000 0.1 0.25 0.25 1 -1 10000 21 1e-06 2
3384912 1e-06 0.001 1.5 0.2 1 1000 0.1 0.4 0.4 1 -1 10000 21 1e-06 2
3384913 1e-06 0.001 1.5 0.2 1 1000 0.1 0.5 0.5 1 -1 10000 21 1e-06 2
3384914 1e-06 0.001 1.5 0.2 2 1000 0 0.001 0.001 1 -1 10000 21 1e-06 2
3384915 1e-06 0.001 1.5 0.2 2 1000 0 0.01 0.01 1 -1 10000 21 1e-06 2
3384916 1e-06 0.001 1.5 0.2 2 1000 0 0.1 0.1 1 -1 10000 21 1e-06 2
3384917 1e-06 0.001 1.5 0.2 2 1000 0 0.25 0.25 1 -1 10000 21 1e-06 2
3384918 1e-06 0.001 1.5 0.2 2 1000 0 0.4 0.4 1 -1 10000 21 1e-06 2
3384919 1e-06 0.001 1.5 0.2 2 1000 0 0.5 0.5 1 -1 10000 21 1e-06 2
3384920 1e-06 0.001 1.5 0.2 2 1000 0.1 0.001 0.001 1 -1 10000 21 1e-06 2
3384921 1e-06 0.001 1.5 0.2 2 1000 0.1 0.01 0.01 1 -1 10000 21 1e-06 2
3384922 1e-06 0.001 1.5 0.2 2 1000 0.1 0.1 0.1 1 -1 10000 21 1e-06 2
3384923 1e-06 0.001 1.5 0.2 2 1000 0.1 0.25 0.25 1 -1 10000 21 1e-06 2
3384924 1e-06 0.001 1.5 0.2 2 1000 0.1 0.4 0.4 1 -1 10000 21 1e-06 2
3384925 1e-06 0.001 1.5 0.2 2 1000 0.1 0.5 0.5 1 -1 10000 21 1e-06 2
3384926 1e-06 0.001 1.5 0.2 3 1000 0 0.001 0.001 1 -1 10000 21 1e-06 2
3384927 1e-06 0.001 1.5 0.2 3 1000 0 0.01 0.01 1 -1 10000 21 1e-06 2
3384928 1e-06 0.001 1.5 0.2 3 1000 0 0.1 0.1 1 -1 10000 21 1e-06 2
3384929 1e-06 0.001 1.5 0.2 3 1000 0 0.25 0.25 1 -1 10000 21 1e-06 2
3384930 1e-06 0.001 1.5 0.2 3 1000 0 0.4 0.4 1 -1 10000 21 1e-06 2
3384931 1e-06 0.001 1.5 0.2 3 1000 0 0.5 0.5 1 -1 10000 21 1e-06 2
3384932 1e-06 0.001 1.5 0.2 3 1000 0.1 0.001 0.001 1 -1 10000 21 1e-06 2
3384933 1e-06 0.001 1.5 0.2 3 1000 0.1 0.01 0.01 1 -1 10000 21 1e-06 2
3384934 1e-06 0.001 1.5 0.2 3 1000 0.1 0.1 0.1 1 -1 10000 21 1e-06 2
3384935 1e-06 0.001 1.5 0.2 3 1000 0.1 0.25 0.25 1 -1 10000 21 1e-06 2
3384936 1e-06 0.001 1.5 0.2 3 1000 0.1 0.4 0.4 1 -1 10000 21 1e-06 2
3384937 1e-06 0.001 1.5 0.2 3 1000 0.1 0.5 0.5 1 -1 10000 21 1e-06 2
3384938 1e-06 0.001 1.5 0.2 4 1000 0 0.001 0.001 1 -1 10000 21 1e-06 2
3384939 1e-06 0.001 1.5 0.2 4 1000 0 0.01 0.01 1 -1 10000 21 1e-06 2
3384940 1e-06 0.001 1.5 0.2 4 1000 0 0.1 0.1 1 -1 10000 21 1e-06 2
3384941 1e-06 0.001 1.5 0.2 4 1000 0 0.25 0.25 1 -1 10000 21 1e-06 2
3384942 1e-06 0.001 1.5 0.2 4 1000 0 0.4 0.4 1 -1 10000 21 1e-06 2
3384943 1e-06 0.001 1.5 0.2 4 1000 0 0.5 0.5 1 -1 10000 21 1e-06 2
3384944 1e-06 0.001 1.5 0.2 4 1000 0.1 0.001 0.001 1 -1 10000 21 1e-06 2
3384945 1e-06 0.001 1.5 0.2 4 1000 0.1 0.01 0.01 1 -1 10000 21 1e-06 2
3384946 1e-06 0.001 1.5 0.2 4 1000 0.1 0.1 0.1 1 -1 10000 21 1e-06 2
3384947 1e-06 0.001 1.5 0.2 4 1000 0.1 0.25 0.25 1 -1 10000 21 1e-06 2
3384948 1e-06 0.001 1.5 0.2 4 1000 0.1 0.4 0.4 1 -1 10000 21 1e-06 2
3384949 1e-06 0.001 1.5 0.2 4 1000 0.1 0.5 0.5 1 -1 10000 21 1e-06 2
3384950 1e-06 0.001 1.5 0.2 5 1000 0 0.001 0.001 1 -1 10000 21 1e-06 2
3384951 1e-06 0.001 1.5 0.2 5 1000 0 0.01 0.01 1 -1 10000 21 1e-06 2
3384952 1e-06 0.001 1.5 0.2 5 1000 0 0.1 0.1 1 -1 10000 21 1e-06 2
3384953 1e-06 0.001 1.5 0.2 5 1000 0 0.25 0.25 1 -1 10000 21 1e-06 2
3384954 1e-06 0.001 1.5 0.2 5 1000 0 0.4 0.4 1 -1 10000 21 1e-06 2
3384955 1e-06 0.001 1.5 0.2 5 1000 0 0.5 0.5 1 -1 10000 21 1e-06 2
3384956 1e-06 0.001 1.5 0.2 5 1000 0.1 0.001 0.001 1 -1 10000 21 1e-06 2
3384957 1e-06 0.001 1.5 0.2 5 1000 0.1 0.01 0.01 1 -1 10000 21 1e-06 2
3384958 1e-06 0.001 1.5 0.2 5 1000 0.1 0.1 0.1 1 -1 10000 21 1e-06 2
3384959 1e-06 0.001 1.5 0.2 5 1000 0.1 0.25 0.25 1 -1 10000 21 1e-06 2
3384960 1e-06 0.001 1.5 0.2 5 1000 0.1 0.4 0.4 1 -1 10000 21 1e-06 2
3384961 1e-06 0.001 1.5 0.2 5 1000 0.1 0.5 0.5 1 -1 10000 21 1e-06 2
3384962 1e-06 0.001 3 0.002 1 1000 0 0.001 0.001 1 -1 10000 21 1e-06 2
3384963 1e-06 0.001 3 0.002 1 1000 0 0.01 0.01 1 -1 10000 21 1e-06 2
3384964 1e-06 0.001 3 0.002 1 1000 0 0.1 0.1 1 -1 10000 21 1e-06 2
3384965 1e-06 0.001 3 0.002 1 1000 0 0.25 0.25 1 -1 10000 21 1e-06 2
3384966 1e-06 0.001 3 0.002 1 1000 0 0.4 0.4 1 -1 10000 21 1e-06 2
3384967 1e-06 0.001 3 0.002 1 1000 0 0.5 0.5 1 -1 10000 21 1e-06 2
3384968 1e-06 0.001 3 0.002 1 1000 0.1 0.001 0.001 1 -1 10000 21 1e-06 2
3384969 1e-06 0.001 3 0.002 1 1000 0.1 0.01 0.01 1 -1 10000 21 1e-06 2
3384970 1e-06 0.001 3 0.002 1 1000 0.1 0.1 0.1 1 -1 10000 21 1e-06 2
3384971 1e-06 0.001 3 0.002 1 1000 0.1 0.25 0.25 1 -1 10000 21 1e-06 2
3384972 1e-06 0.001 3 0.002 1 1000 0.1 0.4 0.4 1 -1 10000 21 1e-06 2
3384973 1e-06 0.001 3 0.002 1 1000 0.1 0.5 0.5 1 -1 10000 21 1e-06 2
3384974 1e-06 0.001 3 0.002 2 1000 0 0.001 0.001 1 -1 10000 21 1e-06 2
3384975 1e-06 0.001 3 0.002 2 1000 0 0.01 0.01 1 -1 10000 21 1e-06 2
3384976 1e-06 0.001 3 0.002 2 1000 0 0.1 0.1 1 -1 10000 21 1e-06 2
3384977 1e-06 0.001 3 0.002 2 1000 0 0.25 0.25 1 -1 10000 21 1e-06 2
3384978 1e-06 0.001 3 0.002 2 1000 0 0.4 0.4 1 -1 10000 21 1e-06 2
3384979 1e-06 0.001 3 0.002 2 1000 0 0.5 0.5 1 -1 10000 21 1e-06 2
3384980 1e-06 0.001 3 0.002 2 1000 0.1 0.001 0.001 1 -1 10000 21 1e-06 2
3384981 1e-06 0.001 3 0.002 2 1000 0.1 0.01 0.01 1 -1 10000 21 1e-06 2
3384982 1e-06 0.001 3 0.002 2 1000 0.1 0.1 0.1 1 -1 10000 21 1e-06 2
3384983 1e-06 0.001 3 0.002 2 1000 0.1 0.25 0.25 1 -1 10000 21 1e-06 2
3384984 1e-06 0.001 3 0.002 2 1000 0.1 0.4 0.4 1 -1 10000 21 1e-06 2
3384985 1e-06 0.001 3 0.002 2 1000 0.1 0.5 0.5 1 -1 10000 21 1e-06 2
3384986 1e-06 0.001 3 0.002 3 1000 0 0.001 0.001 1 -1 10000 21 1e-06 2
3384987 1e-06 0.001 3 0.002 3 1000 0 0.01 0.01 1 -1 10000 21 1e-06 2
3384988 1e-06 0.001 3 0.002 3 1000 0 0.1 0.1 1 -1 10000 21 1e-06 2
3384989 1e-06 0.001 3 0.002 3 1000 0 0.25 0.25 1 -1 10000 21 1e-06 2
3384990 1e-06 0.001 3 0.002 3 1000 0 0.4 0.4 1 -1 10000 21 1e-06 2
3384991 1e-06 0.001 3 0.002 3 1000 0 0.5 0.5 1 -1 10000 21 1e-06 2
3384992 1e-06 0.001 3 0.002 3 1000 0.1 0.001 0.001 1 -1 10000 21 1e-06 2
3384993 1e-06 0.001 3 0.002 3 1000 0.1 0.01 0.01 1 -1 10000 21 1e-06 2
3384994 1e-06 0.001 3 0.002 3 1000 0.1 0.1 0.1 1 -1 10000 21 1e-06 2
3384995 1e-06 0.001 3 0.002 3 1000 0.1 0.25 0.25 1 -1 10000 21 1e-06 2
3384996 1e-06 0.001 3 0.002 3 1000 0.1 0.4 0.4 1 -1 10000 21 1e-06 2
3384997 1e-06 0.001 3 0.002 3 1000 0.1 0.5 0.5 1 -1 10000 21 1e-06 2
3384998 1e-06 0.001 3 0.002 4 1000 0 0.001 0.001 1 -1 10000 21 1e-06 2
3384999 1e-06 0.001 3 0.002 4 1000 0 0.01 0.01 1 -1 10000 21 1e-06 2
3385000 1e-06 0.001 3 0.002 4 1000 0 0.1 0.1 1 -1 10000 21 1e-06 2
3385001 1e-06 0.001 3 0.002 4 1000 0 0.25 0.25 1 -1 10000 21 1e-06 2
3385002 1e-06 0.001 3 0.002 4 1000 0 0.4 0.4 1 -1 10000 21 1e-06 2
3385003 1e-06 0.001 3 0.002 4 1000 0 0.5 0.5 1 -1 10000 21 1e-06 2
3385004 1e-06 0.001 3 0.002 4 1000 0.1 0.001 0.001 1 -1 10000 21 1e-06 2
3385005 1e-06 0.001 3 0.002 4 1000 0.1 0.01 0.01 1 -1 10000 21 1e-06 2
3385006 1e-06 0.001 3 0.002 4 1000 0.1 0.1 0.1 1 -1 10000 21 1e-06 2
3385007 1e-06 0.001 3 0.002 4 1000 0.1 0.25 0.25 1 -1 10000 21 1e-06 2
3385008 1e-06 0.001 3 0.002 4 1000 0.1 0.4 0.4 1 -1 10000 21 1e-06 2
3385009 1e-06 0.001 3 0.002 4 1000 0.1 0.5 0.5 1 -1 10000 21 1e-06 2
3385010 1e-06 0.001 3 0.002 5 1000 0 0.001 0.001 1 -1 10000 21 1e-06 2
3385011 1e-06 0.001 3 0.002 5 1000 0 0.01 0.01 1 -1 10000 21 1e-06 2
3385012 1e-06 0.001 3 0.002 5 1000 0 0.1 0.1 1 -1 10000 21 1e-06 2
3385013 1e-06 0.001 3 0.002 5 1000 0 0.25 0.25 1 -1 10000 21 1e-06 2
3385014 1e-06 0.001 3 0.002 5 1000 0 0.4 0.4 1 -1 10000 21 1e-06 2
3385015 1e-06 0.001 3 0.002 5 1000 0 0.5 0.5 1 -1 10000 21 1e-06 2
3385016 1e-06 0.001 3 0.002 5 1000 0.1 0.001 0.001 1 -1 10000 21 1e-06 2
3385017 1e-06 0.001 3 0.002 5 1000 0.1 0.01 0.01 1 -1 10000 21 1e-06 2
3385018 1e-06 0.001 3 0.002 5 1000 0.1 0.1 0.1 1 -1 10000 21 1e-06 2
3385019 1e-06 0.001 3 0.002 5 1000 0.1 0.25 0.25 1 -1 10000 21 1e-06 2
3385020 1e-06 0.001 3 0.002 5 1000 0.1 0.4 0.4 1 -1 10000 21 1e-06 2
3385021 1e-06 0.001 3 0.002 5 1000 0.1 0.5 0.5 1 -1 10000 21 1e-06 2
3385022 1e-06 0.001 3 0.2 1 1000 0 0.001 0.001 1 -1 10000 21 1e-06 2
3385023 1e-06 0.001 3 0.2 1 1000 0 0.01 0.01 1 -1 10000 21 1e-06 2
3385024 1e-06 0.001 3 0.2 1 1000 0 0.1 0.1 1 -1 10000 21 1e-06 2
3385025 1e-06 0.001 3 0.2 1 1000 0 0.25 0.25 1 -1 10000 21 1e-06 2
3385026 1e-06 0.001 3 0.2 1 1000 0 0.4 0.4 1 -1 10000 21 1e-06 2
3385027 1e-06 0.001 3 0.2 1 1000 0 0.5 0.5 1 -1 10000 21 1e-06 2
3385028 1e-06 0.001 3 0.2 1 1000 0.1 0.001 0.001 1 -1 10000 21 1e-06 2
3385029 1e-06 0.001 3 0.2 1 1000 0.1 0.01 0.01 1 -1 10000 21 1e-06 2
3385030 1e-06 0.001 3 0.2 1 1000 0.1 0.1 0.1 1 -1 10000 21 1e-06 2
3385031 1e-06 0.001 3 0.2 1 1000 0.1 0.25 0.25 1 -1 10000 21 1e-06 2
3385032 1e-06 0.001 3 0.2 1 1000 0.1 0.4 0.4 1 -1 10000 21 1e-06 2
3385033 1e-06 0.001 3 0.2 1 1000 0.1 0.5 0.5 1 -1 10000 21 1e-06 2
3385034 1e-06 0.001 3 0.2 2 1000 0 0.001 0.001 1 -1 10000 21 1e-06 2
3385035 1e-06 0.001 3 0.2 2 1000 0 0.01 0.01 1 -1 10000 21 1e-06 2
3385036 1e-06 0.001 3 0.2 2 1000 0 0.1 0.1 1 -1 10000 21 1e-06 2
3385037 1e-06 0.001 3 0.2 2 1000 0 0.25 0.25 1 -1 10000 21 1e-06 2
3385038 1e-06 0.001 3 0.2 2 1000 0 0.4 0.4 1 -1 10000 21 1e-06 2
3385039 1e-06 0.001 3 0.2 2 1000 0 0.5 0.5 1 -1 10000 21 1e-06 2
3385040 1e-06 0.001 3 0.2 2 1000 0.1 0.001 0.001 1 -1 10000 21 1e-06 2
3385041 1e-06 0.001 3 0.2 2 1000 0.1 0.01 0.01 1 -1 10000 21 1e-06 2
3385042 1e-06 0.001 3 0.2 2 1000 0.1 0.1 0.1 1 -1 10000 21 1e-06 2
3385043 1e-06 0.001 3 0.2 2 1000 0.1 0.25 0.25 1 -1 10000 21 1e-06 2
3385044 1e-06 0.001 3 0.2 2 1000 0.1 0.4 0.4 1 -1 10000 21 1e-06 2
3385045 1e-06 0.001 3 0.2 2 1000 0.1 0.5 0.5 1 -1 10000 21 1e-06 2
3385046 1e-06 0.001 3 0.2 3 1000 0 0.001 0.001 1 -1 10000 21 1e-06 2
3385047 1e-06 0.001 3 0.2 3 1000 0 0.01 0.01 1 -1 10000 21 1e-06 2
3385048 1e-06 0.001 3 0.2 3 1000 0 0.1 0.1 1 -1 10000 21 1e-06 2
3385049 1e-06 0.001 3 0.2 3 1000 0 0.25 0.25 1 -1 10000 21 1e-06 2
3385050 1e-06 0.001 3 0.2 3 1000 0 0.4 0.4 1 -1 10000 21 1e-06 2
3385051 1e-06 0.001 3 0.2 3 1000 0 0.5 0.5 1 -1 10000 21 1e-06 2
3385052 1e-06 0.001 3 0.2 3 1000 0.1 0.001 0.001 1 -1 10000 21 1e-06 2
3385053 1e-06 0.001 3 0.2 3 1000 0.1 0.01 0.01 1 -1 10000 21 1e-06 2
3385054 1e-06 0.001 3 0.2 3 1000 0.1 0.1 0.1 1 -1 10000 21 1e-06 2
3385055 1e-06 0.001 3 0.2 3 1000 0.1 0.25 0.25 1 -1 10000 21 1e-06 2
3385056 1e-06 0.001 3 0.2 3 1000 0.1 0.4 0.4 1 -1 10000 21 1e-06 2
3385057 1e-06 0.001 3 0.2 3 1000 0.1 0.5 0.5 1 -1 10000 21 1e-06 2
3385058 1e-06 0.001 3 0.2 4 1000 0 0.001 0.001 1 -1 10000 21 1e-06 2
3385059 1e-06 0.001 3 0.2 4 1000 0 0.01 0.01 1 -1 10000 21 1e-06 2
3385060 1e-06 0.001 3 0.2 4 1000 0 0.1 0.1 1 -1 10000 21 1e-06 2
3385061 1e-06 0.001 3 0.2 4 1000 0 0.25 0.25 1 -1 10000 21 1e-06 2
3385062 1e-06 0.001 3 0.2 4 1000 0 0.4 0.4 1 -1 10000 21 1e-06 2
3385063 1e-06 0.001 3 0.2 4 1000 0 0.5 0.5 1 -1 10000 21 1e-06 2
3385064 1e-06 0.001 3 0.2 4 1000 0.1 0.001 0.001 1 -1 10000 21 1e-06 2
3385065 1e-06 0.001 3 0.2 4 1000 0.1 0.01 0.01 1 -1 10000 21 1e-06 2
3385066 1e-06 0.001 3 0.2 4 1000 0.1 0.1 0.1 1 -1 10000 21 1e-06 2
3385067 1e-06 0.001 3 0.2 4 1000 0.1 0.25 0.25 1 -1 10000 21 1e-06 2
3385068 1e-06 0.001 3 0.2 4 1000 0.1 0.4 0.4 1 -1 10000 21 1e-06 2
3385069 1e-06 0.001 3 0.2 4 1000 0.1 0.5 0.5 1 -1 10000 21 1e-06 2
3385070 1e-06 0.001 3 0.2 5 1000 0 0.001 0.001 1 -1 10000 21 1e-06 2
3385071 1e-06 0.001 3 0.2 5 1000 0 0.01 0.01 1 -1 10000 21 1e-06 2
3385072 1e-06 0.001 3 0.2 5 1000 0 0.1 0.1 1 -1 10000 21 1e-06 2
3385073 1e-06 0.001 3 0.2 5 1000 0 0.25 0.25 1 -1 10000 21 1e-06 2
3385074 1e-06 0.001 3 0.2 5 1000 0 0.4 0.4 1 -1 10000 21 1e-06 2
3385075 1e-06 0.001 3 0.2 5 1000 0 0.5 0.5 1 -1 10000 21 1e-06 2
3385076 1e-06 0.001 3 0.2 5 1000 0.1 0.001 0.001 1 -1 10000 21 1e-06 2
3385077 1e-06 0.001 3 0.2 5 1000 0.1 0.01 0.01 1 -1 10000 21 1e-06 2
3385078 1e-06 0.001 3 0.2 5 1000 0.1 0.1 0.1 1 -1 10000 21 1e-06 2
3385079 1e-06 0.001 3 0.2 5 1000 0.1 0.25 0.25 1 -1 10000 21 1e-06 2
3385080 1e-06 0.001 3 0.2 5 1000 0.1 0.4 0.4 1 -1 10000 21 1e-06 2
3385081 1e-06 0.001 3 0.2 5 1000 0.1 0.5 0.5 1 -1 10000 21 1e-06 2
3385082 1e-06 1e-06 0.75 0.002 1 1000 0 0.001 0.001 1 -1 10000 21 1e-06 2
3385083 1e-06 1e-06 0.75 0.002 1 1000 0 0.01 0.01 1 -1 10000 21 1e-06 2
3385084 1e-06 1e-06 0.75 0.002 1 1000 0 0.1 0.1 1 -1 10000 21 1e-06 2
3385085 1e-06 1e-06 0.75 0.002 1 1000 0 0.25 0.25 1 -1 10000 21 1e-06 2
3385086 1e-06 1e-06 0.75 0.002 1 1000 0 0.4 0.4 1 -1 10000 21 1e-06 2
3385087 1e-06 1e-06 0.75 0.002 1 1000 0 0.5 0.5 1 -1 10000 21 1e-06 2
3385088 1e-06 1e-06 0.75 0.002 1 1000 0.1 0.001 0.001 1 -1 10000 21 1e-06 2
3385089 1e-06 1e-06 0.75 0.002 1 1000 0.1 0.01 0.01 1 -1 10000 21 1e-06 2
3385090 1e-06 1e-06 0.75 0.002 1 1000 0.1 0.1 0.1 1 -1 10000 21 1e-06 2
3385091 1e-06 1e-06 0.75 0.002 1 1000 0.1 0.25 0.25 1 -1 10000 21 1e-06 2
3385092 1e-06 1e-06 0.75 0.002 1 1000 0.1 0.4 0.4 1 -1 10000 21 1e-06 2
3385093 1e-06 1e-06 0.75 0.002 1 1000 0.1 0.5 0.5 1 -1 10000 21 1e-06 2
3385094 1e-06 1e-06 0.75 0.002 2 1000 0 0.001 0.001 1 -1 10000 21 1e-06 2
3385095 1e-06 1e-06 0.75 0.002 2 1000 0 0.01 0.01 1 -1 10000 21 1e-06 2
3385096 1e-06 1e-06 0.75 0.002 2 1000 0 0.1 0.1 1 -1 10000 21 1e-06 2
3385097 1e-06 1e-06 0.75 0.002 2 1000 0 0.25 0.25 1 -1 10000 21 1e-06 2
3385098 1e-06 1e-06 0.75 0.002 2 1000 0 0.4 0.4 1 -1 10000 21 1e-06 2
3385099 1e-06 1e-06 0.75 0.002 2 1000 0 0.5 0.5 1 -1 10000 21 1e-06 2
3385100 1e-06 1e-06 0.75 0.002 2 1000 0.1 0.001 0.001 1 -1 10000 21 1e-06 2
3385101 1e-06 1e-06 0.75 0.002 2 1000 0.1 0.01 0.01 1 -1 10000 21 1e-06 2
3385102 1e-06 1e-06 0.75 0.002 2 1000 0.1 0.1 0.1 1 -1 10000 21 1e-06 2
3385103 1e-06 1e-06 0.75 0.002 2 1000 0.1 0.25 0.25 1 -1 10000 21 1e-06 2
3385104 1e-06 1e-06 0.75 0.002 2 1000 0.1 0.4 0.4 1 -1 10000 21 1e-06 2
3385105 1e-06 1e-06 0.75 0.002 2 1000 0.1 0.5 0.5 1 -1 10000 21 1e-06 2
3385106 1e-06 1e-06 0.75 0.002 3 1000 0 0.001 0.001 1 -1 10000 21 1e-06 2
3385107 1e-06 1e-06 0.75 0.002 3 1000 0 0.01 0.01 1 -1 10000 21 1e-06 2
3385108 1e-06 1e-06 0.75 0.002 3 1000 0 0.1 0.1 1 -1 10000 21 1e-06 2
3385109 1e-06 1e-06 0.75 0.002 3 1000 0 0.25 0.25 1 -1 10000 21 1e-06 2
3385110 1e-06 1e-06 0.75 0.002 3 1000 0 0.4 0.4 1 -1 10000 21 1e-06 2
3385111 1e-06 1e-06 0.75 0.002 3 1000 0 0.5 0.5 1 -1 10000 21 1e-06 2
3385112 1e-06 1e-06 0.75 0.002 3 1000 0.1 0.001 0.001 1 -1 10000 21 1e-06 2
3385113 1e-06 1e-06 0.75 0.002 3 1000 0.1 0.01 0.01 1 -1 10000 21 1e-06 2
3385114 1e-06 1e-06 0.75 0.002 3 1000 0.1 0.1 0.1 1 -1 10000 21 1e-06 2
3385115 1e-06 1e-06 0.75 0.002 3 1000 0.1 0.25 0.25 1 -1 10000 21 1e-06 2
3385116 1e-06 1e-06 0.75 0.002 3 1000 0.1 0.4 0.4 1 -1 10000 21 1e-06 2
3385117 1e-06 1e-06 0.75 0.002 3 1000 0.1 0.5 0.5 1 -1 10000 21 1e-06 2
3385118 1e-06 1e-06 0.75 0.002 4 1000 0 0.001 0.001 1 -1 10000 21 1e-06 2
3385119 1e-06 1e-06 0.75 0.002 4 1000 0 0.01 0.01 1 -1 10000 21 1e-06 2
3385120 1e-06 1e-06 0.75 0.002 4 1000 0 0.1 0.1 1 -1 10000 21 1e-06 2
3385121 1e-06 1e-06 0.75 0.002 4 1000 0 0.25 0.25 1 -1 10000 21 1e-06 2
3385122 1e-06 1e-06 0.75 0.002 4 1000 0 0.4 0.4 1 -1 10000 21 1e-06 2
3385123 1e-06 1e-06 0.75 0.002 4 1000 0 0.5 0.5 1 -1 10000 21 1e-06 2
3385124 1e-06 1e-06 0.75 0.002 4 1000 0.1 0.001 0.001 1 -1 10000 21 1e-06 2
3385125 1e-06 1e-06 0.75 0.002 4 1000 0.1 0.01 0.01 1 -1 10000 21 1e-06 2
3385126 1e-06 1e-06 0.75 0.002 4 1000 0.1 0.1 0.1 1 -1 10000 21 1e-06 2
3385127 1e-06 1e-06 0.75 0.002 4 1000 0.1 0.25 0.25 1 -1 10000 21 1e-06 2
3385128 1e-06 1e-06 0.75 0.002 4 1000 0.1 0.4 0.4 1 -1 10000 21 1e-06 2
3385129 1e-06 1e-06 0.75 0.002 4 1000 0.1 0.5 0.5 1 -1 10000 21 1e-06 2
3385130 1e-06 1e-06 0.75 0.002 5 1000 0 0.001 0.001 1 -1 10000 21 1e-06 2
3385131 1e-06 1e-06 0.75 0.002 5 1000 0 0.01 0.01 1 -1 10000 21 1e-06 2
3385132 1e-06 1e-06 0.75 0.002 5 1000 0 0.1 0.1 1 -1 10000 21 1e-06 2
3385133 1e-06 1e-06 0.75 0.002 5 1000 0 0.25 0.25 1 -1 10000 21 1e-06 2
3385134 1e-06 1e-06 0.75 0.002 5 1000 0 0.4 0.4 1 -1 10000 21 1e-06 2
3385135 1e-06 1e-06 0.75 0.002 5 1000 0 0.5 0.5 1 -1 10000 21 1e-06 2
3385136 1e-06 1e-06 0.75 0.002 5 1000 0.1 0.001 0.001 1 -1 10000 21 1e-06 2
3385137 1e-06 1e-06 0.75 0.002 5 1000 0.1 0.01 0.01 1 -1 10000 21 1e-06 2
3385138 1e-06 1e-06 0.75 0.002 5 1000 0.1 0.1 0.1 1 -1 10000 21 1e-06 2
3385139 1e-06 1e-06 0.75 0.002 5 1000 0.1 0.25 0.25 1 -1 10000 21 1e-06 2
3385140 1e-06 1e-06 0.75 0.002 5 1000 0.1 0.4 0.4 1 -1 10000 21 1e-06 2
3385141 1e-06 1e-06 0.75 0.002 5 1000 0.1 0.5 0.5 1 -1 10000 21 1e-06 2
3385142 1e-06 1e-06 0.75 0.2 1 1000 0 0.001 0.001 1 -1 10000 21 1e-06 2
3385143 1e-06 1e-06 0.75 0.2 1 1000 0 0.01 0.01 1 -1 10000 21 1e-06 2
3385144 1e-06 1e-06 0.75 0.2 1 1000 0 0.1 0.1 1 -1 10000 21 1e-06 2
3385145 1e-06 1e-06 0.75 0.2 1 1000 0 0.25 0.25 1 -1 10000 21 1e-06 2
3385146 1e-06 1e-06 0.75 0.2 1 1000 0 0.4 0.4 1 -1 10000 21 1e-06 2
3385147 1e-06 1e-06 0.75 0.2 1 1000 0 0.5 0.5 1 -1 10000 21 1e-06 2
3385148 1e-06 1e-06 0.75 0.2 1 1000 0.1 0.001 0.001 1 -1 10000 21 1e-06 2
3385149 1e-06 1e-06 0.75 0.2 1 1000 0.1 0.01 0.01 1 -1 10000 21 1e-06 2
3385150 1e-06 1e-06 0.75 0.2 1 1000 0.1 0.1 0.1 1 -1 10000 21 1e-06 2
3385151 1e-06 1e-06 0.75 0.2 1 1000 0.1 0.25 0.25 1 -1 10000 21 1e-06 2
3385152 1e-06 1e-06 0.75 0.2 1 1000 0.1 0.4 0.4 1 -1 10000 21 1e-06 2
3385153 1e-06 1e-06 0.75 0.2 1 1000 0.1 0.5 0.5 1 -1 10000 21 1e-06 2
3385154 1e-06 1e-06 0.75 0.2 2 1000 0 0.001 0.001 1 -1 10000 21 1e-06 2
3385155 1e-06 1e-06 0.75 0.2 2 1000 0 0.01 0.01 1 -1 10000 21 1e-06 2
3385156 1e-06 1e-06 0.75 0.2 2 1000 0 0.1 0.1 1 -1 10000 21 1e-06 2
3385157 1e-06 1e-06 0.75 0.2 2 1000 0 0.25 0.25 1 -1 10000 21 1e-06 2
3385158 1e-06 1e-06 0.75 0.2 2 1000 0 0.4 0.4 1 -1 10000 21 1e-06 2
3385159 1e-06 1e-06 0.75 0.2 2 1000 0 0.5 0.5 1 -1 10000 21 1e-06 2
3385160 1e-06 1e-06 0.75 0.2 2 1000 0.1 0.001 0.001 1 -1 10000 21 1e-06 2
3385161 1e-06 1e-06 0.75 0.2 2 1000 0.1 0.01 0.01 1 -1 10000 21 1e-06 2
3385162 1e-06 1e-06 0.75 0.2 2 1000 0.1 0.1 0.1 1 -1 10000 21 1e-06 2
3385163 1e-06 1e-06 0.75 0.2 2 1000 0.1 0.25 0.25 1 -1 10000 21 1e-06 2
3385164 1e-06 1e-06 0.75 0.2 2 1000 0.1 0.4 0.4 1 -1 10000 21 1e-06 2
3385165 1e-06 1e-06 0.75 0.2 2 1000 0.1 0.5 0.5 1 -1 10000 21 1e-06 2
3385166 1e-06 1e-06 0.75 0.2 3 1000 0 0.001 0.001 1 -1 10000 21 1e-06 2
3385167 1e-06 1e-06 0.75 0.2 3 1000 0 0.01 0.01 1 -1 10000 21 1e-06 2
3385168 1e-06 1e-06 0.75 0.2 3 1000 0 0.1 0.1 1 -1 10000 21 1e-06 2
3385169 1e-06 1e-06 0.75 0.2 3 1000 0 0.25 0.25 1 -1 10000 21 1e-06 2
3385170 1e-06 1e-06 0.75 0.2 3 1000 0 0.4 0.4 1 -1 10000 21 1e-06 2
3385171 1e-06 1e-06 0.75 0.2 3 1000 0 0.5 0.5 1 -1 10000 21 1e-06 2
3385172 1e-06 1e-06 0.75 0.2 3 1000 0.1 0.001 0.001 1 -1 10000 21 1e-06 2
3385173 1e-06 1e-06 0.75 0.2 3 1000 0.1 0.01 0.01 1 -1 10000 21 1e-06 2
3385174 1e-06 1e-06 0.75 0.2 3 1000 0.1 0.1 0.1 1 -1 10000 21 1e-06 2
3385175 1e-06 1e-06 0.75 0.2 3 1000 0.1 0.25 0.25 1 -1 10000 21 1e-06 2
3385176 1e-06 1e-06 0.75 0.2 3 1000 0.1 0.4 0.4 1 -1 10000 21 1e-06 2
3385177 1e-06 1e-06 0.75 0.2 3 1000 0.1 0.5 0.5 1 -1 10000 21 1e-06 2
3385178 1e-06 1e-06 0.75 0.2 4 1000 0 0.001 0.001 1 -1 10000 21 1e-06 2
3385179 1e-06 1e-06 0.75 0.2 4 1000 0 0.01 0.01 1 -1 10000 21 1e-06 2
3385180 1e-06 1e-06 0.75 0.2 4 1000 0 0.1 0.1 1 -1 10000 21 1e-06 2
3385181 1e-06 1e-06 0.75 0.2 4 1000 0 0.25 0.25 1 -1 10000 21 1e-06 2
3385182 1e-06 1e-06 0.75 0.2 4 1000 0 0.4 0.4 1 -1 10000 21 1e-06 2
3385183 1e-06 1e-06 0.75 0.2 4 1000 0 0.5 0.5 1 -1 10000 21 1e-06 2
3385184 1e-06 1e-06 0.75 0.2 4 1000 0.1 0.001 0.001 1 -1 10000 21 1e-06 2
3385185 1e-06 1e-06 0.75 0.2 4 1000 0.1 0.01 0.01 1 -1 10000 21 1e-06 2
3385186 1e-06 1e-06 0.75 0.2 4 1000 0.1 0.1 0.1 1 -1 10000 21 1e-06 2
3385187 1e-06 1e-06 0.75 0.2 4 1000 0.1 0.25 0.25 1 -1 10000 21 1e-06 2
3385188 1e-06 1e-06 0.75 0.2 4 1000 0.1 0.4 0.4 1 -1 10000 21 1e-06 2
3385189 1e-06 1e-06 0.75 0.2 4 1000 0.1 0.5 0.5 1 -1 10000 21 1e-06 2
3385190 1e-06 1e-06 0.75 0.2 5 1000 0 0.001 0.001 1 -1 10000 21 1e-06 2
3385191 1e-06 1e-06 0.75 0.2 5 1000 0 0.01 0.01 1 -1 10000 21 1e-06 2
3385192 1e-06 1e-06 0.75 0.2 5 1000 0 0.1 0.1 1 -1 10000 21 1e-06 2
3385193 1e-06 1e-06 0.75 0.2 5 1000 0 0.25 0.25 1 -1 10000 21 1e-06 2
3385194 1e-06 1e-06 0.75 0.2 5 1000 0 0.4 0.4 1 -1 10000 21 1e-06 2
3385195 1e-06 1e-06 0.75 0.2 5 1000 0 0.5 0.5 1 -1 10000 21 1e-06 2
3385196 1e-06 1e-06 0.75 0.2 5 1000 0.1 0.001 0.001 1 -1 10000 21 1e-06 2
3385197 1e-06 1e-06 0.75 0.2 5 1000 0.1 0.01 0.01 1 -1 10000 21 1e-06 2
3385198 1e-06 1e-06 0.75 0.2 5 1000 0.1 0.1 0.1 1 -1 10000 21 1e-06 2
3385199 1e-06 1e-06 0.75 0.2 5 1000 0.1 0.25 0.25 1 -1 10000 21 1e-06 2
3385200 1e-06 1e-06 0.75 0.2 5 1000 0.1 0.4 0.4 1 -1 10000 21 1e-06 2
3385201 1e-06 1e-06 0.75 0.2 5 1000 0.1 0.5 0.5 1 -1 10000 21 1e-06 2
3385202 1e-06 1e-06 1.5 0.002 1 1000 0 0.001 0.001 1 -1 10000 21 1e-06 2
3385203 1e-06 1e-06 1.5 0.002 1 1000 0 0.01 0.01 1 -1 10000 21 1e-06 2
3385204 1e-06 1e-06 1.5 0.002 1 1000 0 0.1 0.1 1 -1 10000 21 1e-06 2
3385205 1e-06 1e-06 1.5 0.002 1 1000 0 0.25 0.25 1 -1 10000 21 1e-06 2
3385206 1e-06 1e-06 1.5 0.002 1 1000 0 0.4 0.4 1 -1 10000 21 1e-06 2
3385207 1e-06 1e-06 1.5 0.002 1 1000 0 0.5 0.5 1 -1 10000 21 1e-06 2
3385208 1e-06 1e-06 1.5 0.002 1 1000 0.1 0.001 0.001 1 -1 10000 21 1e-06 2
3385209 1e-06 1e-06 1.5 0.002 1 1000 0.1 0.01 0.01 1 -1 10000 21 1e-06 2
3385210 1e-06 1e-06 1.5 0.002 1 1000 0.1 0.1 0.1 1 -1 10000 21 1e-06 2
3385211 1e-06 1e-06 1.5 0.002 1 1000 0.1 0.25 0.25 1 -1 10000 21 1e-06 2
3385212 1e-06 1e-06 1.5 0.002 1 1000 0.1 0.4 0.4 1 -1 10000 21 1e-06 2
3385213 1e-06 1e-06 1.5 0.002 1 1000 0.1 0.5 0.5 1 -1 10000 21 1e-06 2
3385214 1e-06 1e-06 1.5 0.002 2 1000 0 0.001 0.001 1 -1 10000 21 1e-06 2
3385215 1e-06 1e-06 1.5 0.002 2 1000 0 0.01 0.01 1 -1 10000 21 1e-06 2
3385216 1e-06 1e-06 1.5 0.002 2 1000 0 0.1 0.1 1 -1 10000 21 1e-06 2
3385217 1e-06 1e-06 1.5 0.002 2 1000 0 0.25 0.25 1 -1 10000 21 1e-06 2
3385218 1e-06 1e-06 1.5 0.002 2 1000 0 0.4 0.4 1 -1 10000 21 1e-06 2
3385219 1e-06 1e-06 1.5 0.002 2 1000 0 0.5 0.5 1 -1 10000 21 1e-06 2
3385220 1e-06 1e-06 1.5 0.002 2 1000 0.1 0.001 0.001 1 -1 10000 21 1e-06 2
3385221 1e-06 1e-06 1.5 0.002 2 1000 0.1 0.01 0.01 1 -1 10000 21 1e-06 2
3385222 1e-06 1e-06 1.5 0.002 2 1000 0.1 0.1 0.1 1 -1 10000 21 1e-06 2
3385223 1e-06 1e-06 1.5 0.002 2 1000 0.1 0.25 0.25 1 -1 10000 21 1e-06 2
3385224 1e-06 1e-06 1.5 0.002 2 1000 0.1 0.4 0.4 1 -1 10000 21 1e-06 2
3385225 1e-06 1e-06 1.5 0.002 2 1000 0.1 0.5 0.5 1 -1 10000 21 1e-06 2
3385226 1e-06 1e-06 1.5 0.002 3 1000 0 0.001 0.001 1 -1 10000 21 1e-06 2
3385227 1e-06 1e-06 1.5 0.002 3 1000 0 0.01 0.01 1 -1 10000 21 1e-06 2
3385228 1e-06 1e-06 1.5 0.002 3 1000 0 0.1 0.1 1 -1 10000 21 1e-06 2
3385229 1e-06 1e-06 1.5 0.002 3 1000 0 0.25 0.25 1 -1 10000 21 1e-06 2
3385230 1e-06 1e-06 1.5 0.002 3 1000 0 0.4 0.4 1 -1 10000 21 1e-06 2
3385231 1e-06 1e-06 1.5 0.002 3 1000 0 0.5 0.5 1 -1 10000 21 1e-06 2
3385232 1e-06 1e-06 1.5 0.002 3 1000 0.1 0.001 0.001 1 -1 10000 21 1e-06 2
3385233 1e-06 1e-06 1.5 0.002 3 1000 0.1 0.01 0.01 1 -1 10000 21 1e-06 2
3385234 1e-06 1e-06 1.5 0.002 3 1000 0.1 0.1 0.1 1 -1 10000 21 1e-06 2
3385235 1e-06 1e-06 1.5 0.002 3 1000 0.1 0.25 0.25 1 -1 10000 21 1e-06 2
3385236 1e-06 1e-06 1.5 0.002 3 1000 0.1 0.4 0.4 1 -1 10000 21 1e-06 2
3385237 1e-06 1e-06 1.5 0.002 3 1000 0.1 0.5 0.5 1 -1 10000 21 1e-06 2
3385238 1e-06 1e-06 1.5 0.002 4 1000 0 0.001 0.001 1 -1 10000 21 1e-06 2
3385239 1e-06 1e-06 1.5 0.002 4 1000 0 0.01 0.01 1 -1 10000 21 1e-06 2
3385240 1e-06 1e-06 1.5 0.002 4 1000 0 0.1 0.1 1 -1 10000 21 1e-06 2
3385241 1e-06 1e-06 1.5 0.002 4 1000 0 0.25 0.25 1 -1 10000 21 1e-06 2
3385242 1e-06 1e-06 1.5 0.002 4 1000 0 0.4 0.4 1 -1 10000 21 1e-06 2
3385243 1e-06 1e-06 1.5 0.002 4 1000 0 0.5 0.5 1 -1 10000 21 1e-06 2
3385244 1e-06 1e-06 1.5 0.002 4 1000 0.1 0.001 0.001 1 -1 10000 21 1e-06 2
3385245 1e-06 1e-06 1.5 0.002 4 1000 0.1 0.01 0.01 1 -1 10000 21 1e-06 2
3385246 1e-06 1e-06 1.5 0.002 4 1000 0.1 0.1 0.1 1 -1 10000 21 1e-06 2
3385247 1e-06 1e-06 1.5 0.002 4 1000 0.1 0.25 0.25 1 -1 10000 21 1e-06 2
3385248 1e-06 1e-06 1.5 0.002 4 1000 0.1 0.4 0.4 1 -1 10000 21 1e-06 2
3385249 1e-06 1e-06 1.5 0.002 4 1000 0.1 0.5 0.5 1 -1 10000 21 1e-06 2
3385250 1e-06 1e-06 1.5 0.002 5 1000 0 0.001 0.001 1 -1 10000 21 1e-06 2
3385251 1e-06 1e-06 1.5 0.002 5 1000 0 0.01 0.01 1 -1 10000 21 1e-06 2
3385252 1e-06 1e-06 1.5 0.002 5 1000 0 0.1 0.1 1 -1 10000 21 1e-06 2
3385253 1e-06 1e-06 1.5 0.002 5 1000 0 0.25 0.25 1 -1 10000 21 1e-06 2
3385254 1e-06 1e-06 1.5 0.002 5 1000 0 0.4 0.4 1 -1 10000 21 1e-06 2
3385255 1e-06 1e-06 1.5 0.002 5 1000 0 0.5 0.5 1 -1 10000 21 1e-06 2
3385256 1e-06 1e-06 1.5 0.002 5 1000 0.1 0.001 0.001 1 -1 10000 21 1e-06 2
3385257 1e-06 1e-06 1.5 0.002 5 1000 0.1 0.01 0.01 1 -1 10000 21 1e-06 2
3385258 1e-06 1e-06 1.5 0.002 5 1000 0.1 0.1 0.1 1 -1 10000 21 1e-06 2
3385259 1e-06 1e-06 1.5 0.002 5 1000 0.1 0.25 0.25 1 -1 10000 21 1e-06 2
3385260 1e-06 1e-06 1.5 0.002 5 1000 0.1 0.4 0.4 1 -1 10000 21 1e-06 2
3385261 1e-06 1e-06 1.5 0.002 5 1000 0.1 0.5 0.5 1 -1 10000 21 1e-06 2
3385262 1e-06 1e-06 1.5 0.2 1 1000 0 0.001 0.001 1 -1 10000 21 1e-06 2
3385263 1e-06 1e-06 1.5 0.2 1 1000 0 0.01 0.01 1 -1 10000 21 1e-06 2
3385264 1e-06 1e-06 1.5 0.2 1 1000 0 0.1 0.1 1 -1 10000 21 1e-06 2
3385265 1e-06 1e-06 1.5 0.2 1 1000 0 0.25 0.25 1 -1 10000 21 1e-06 2
3385266 1e-06 1e-06 1.5 0.2 1 1000 0 0.4 0.4 1 -1 10000 21 1e-06 2
3385267 1e-06 1e-06 1.5 0.2 1 1000 0 0.5 0.5 1 -1 10000 21 1e-06 2
3385268 1e-06 1e-06 1.5 0.2 1 1000 0.1 0.001 0.001 1 -1 10000 21 1e-06 2
3385269 1e-06 1e-06 1.5 0.2 1 1000 0.1 0.01 0.01 1 -1 10000 21 1e-06 2
3385270 1e-06 1e-06 1.5 0.2 1 1000 0.1 0.1 0.1 1 -1 10000 21 1e-06 2
3385271 1e-06 1e-06 1.5 0.2 1 1000 0.1 0.25 0.25 1 -1 10000 21 1e-06 2
3385272 1e-06 1e-06 1.5 0.2 1 1000 0.1 0.4 0.4 1 -1 10000 21 1e-06 2
3385273 1e-06 1e-06 1.5 0.2 1 1000 0.1 0.5 0.5 1 -1 10000 21 1e-06 2
3385274 1e-06 1e-06 1.5 0.2 2 1000 0 0.001 0.001 1 -1 10000 21 1e-06 2
3385275 1e-06 1e-06 1.5 0.2 2 1000 0 0.01 0.01 1 -1 10000 21 1e-06 2
3385276 1e-06 1e-06 1.5 0.2 2 1000 0 0.1 0.1 1 -1 10000 21 1e-06 2
3385277 1e-06 1e-06 1.5 0.2 2 1000 0 0.25 0.25 1 -1 10000 21 1e-06 2
3385278 1e-06 1e-06 1.5 0.2 2 1000 0 0.4 0.4 1 -1 10000 21 1e-06 2
3385279 1e-06 1e-06 1.5 0.2 2 1000 0 0.5 0.5 1 -1 10000 21 1e-06 2
3385280 1e-06 1e-06 1.5 0.2 2 1000 0.1 0.001 0.001 1 -1 10000 21 1e-06 2
3385281 1e-06 1e-06 1.5 0.2 2 1000 0.1 0.01 0.01 1 -1 10000 21 1e-06 2
3385282 1e-06 1e-06 1.5 0.2 2 1000 0.1 0.1 0.1 1 -1 10000 21 1e-06 2
3385283 1e-06 1e-06 1.5 0.2 2 1000 0.1 0.25 0.25 1 -1 10000 21 1e-06 2
3385284 1e-06 1e-06 1.5 0.2 2 1000 0.1 0.4 0.4 1 -1 10000 21 1e-06 2
3385285 1e-06 1e-06 1.5 0.2 2 1000 0.1 0.5 0.5 1 -1 10000 21 1e-06 2
3385286 1e-06 1e-06 1.5 0.2 3 1000 0 0.001 0.001 1 -1 10000 21 1e-06 2
3385287 1e-06 1e-06 1.5 0.2 3 1000 0 0.01 0.01 1 -1 10000 21 1e-06 2
3385288 1e-06 1e-06 1.5 0.2 3 1000 0 0.1 0.1 1 -1 10000 21 1e-06 2
3385289 1e-06 1e-06 1.5 0.2 3 1000 0 0.25 0.25 1 -1 10000 21 1e-06 2
3385290 1e-06 1e-06 1.5 0.2 3 1000 0 0.4 0.4 1 -1 10000 21 1e-06 2
3385291 1e-06 1e-06 1.5 0.2 3 1000 0 0.5 0.5 1 -1 10000 21 1e-06 2
3385292 1e-06 1e-06 1.5 0.2 3 1000 0.1 0.001 0.001 1 -1 10000 21 1e-06 2
3385293 1e-06 1e-06 1.5 0.2 3 1000 0.1 0.01 0.01 1 -1 10000 21 1e-06 2
3385294 1e-06 1e-06 1.5 0.2 3 1000 0.1 0.1 0.1 1 -1 10000 21 1e-06 2
3385295 1e-06 1e-06 1.5 0.2 3 1000 0.1 0.25 0.25 1 -1 10000 21 1e-06 2
3385296 1e-06 1e-06 1.5 0.2 3 1000 0.1 0.4 0.4 1 -1 10000 21 1e-06 2
3385297 1e-06 1e-06 1.5 0.2 3 1000 0.1 0.5 0.5 1 -1 10000 21 1e-06 2
3385298 1e-06 1e-06 1.5 0.2 4 1000 0 0.001 0.001 1 -1 10000 21 1e-06 2
3385299 1e-06 1e-06 1.5 0.2 4 1000 0 0.01 0.01 1 -1 10000 21 1e-06 2
3385300 1e-06 1e-06 1.5 0.2 4 1000 0 0.1 0.1 1 -1 10000 21 1e-06 2
3385301 1e-06 1e-06 1.5 0.2 4 1000 0 0.25 0.25 1 -1 10000 21 1e-06 2
3385302 1e-06 1e-06 1.5 0.2 4 1000 0 0.4 0.4 1 -1 10000 21 1e-06 2
3385303 1e-06 1e-06 1.5 0.2 4 1000 0 0.5 0.5 1 -1 10000 21 1e-06 2
3385304 1e-06 1e-06 1.5 0.2 4 1000 0.1 0.001 0.001 1 -1 10000 21 1e-06 2
3385305 1e-06 1e-06 1.5 0.2 4 1000 0.1 0.01 0.01 1 -1 10000 21 1e-06 2
3385306 1e-06 1e-06 1.5 0.2 4 1000 0.1 0.1 0.1 1 -1 10000 21 1e-06 2
3385307 1e-06 1e-06 1.5 0.2 4 1000 0.1 0.25 0.25 1 -1 10000 21 1e-06 2
3385308 1e-06 1e-06 1.5 0.2 4 1000 0.1 0.4 0.4 1 -1 10000 21 1e-06 2
3385309 1e-06 1e-06 1.5 0.2 4 1000 0.1 0.5 0.5 1 -1 10000 21 1e-06 2
3385310 1e-06 1e-06 1.5 0.2 5 1000 0 0.001 0.001 1 -1 10000 21 1e-06 2
3385311 1e-06 1e-06 1.5 0.2 5 1000 0 0.01 0.01 1 -1 10000 21 1e-06 2
3385312 1e-06 1e-06 1.5 0.2 5 1000 0 0.1 0.1 1 -1 10000 21 1e-06 2
3385313 1e-06 1e-06 1.5 0.2 5 1000 0 0.25 0.25 1 -1 10000 21 1e-06 2
3385314 1e-06 1e-06 1.5 0.2 5 1000 0 0.4 0.4 1 -1 10000 21 1e-06 2
3385315 1e-06 1e-06 1.5 0.2 5 1000 0 0.5 0.5 1 -1 10000 21 1e-06 2
3385316 1e-06 1e-06 1.5 0.2 5 1000 0.1 0.001 0.001 1 -1 10000 21 1e-06 2
3385317 1e-06 1e-06 1.5 0.2 5 1000 0.1 0.01 0.01 1 -1 10000 21 1e-06 2
3385318 1e-06 1e-06 1.5 0.2 5 1000 0.1 0.1 0.1 1 -1 10000 21 1e-06 2
3385319 1e-06 1e-06 1.5 0.2 5 1000 0.1 0.25 0.25 1 -1 10000 21 1e-06 2
3385320 1e-06 1e-06 1.5 0.2 5 1000 0.1 0.4 0.4 1 -1 10000 21 1e-06 2
3385321 1e-06 1e-06 1.5 0.2 5 1000 0.1 0.5 0.5 1 -1 10000 21 1e-06 2
3385322 1e-06 1e-06 3 0.002 1 1000 0 0.001 0.001 1 -1 10000 21 1e-06 2
3385323 1e-06 1e-06 3 0.002 1 1000 0 0.01 0.01 1 -1 10000 21 1e-06 2
3385324 1e-06 1e-06 3 0.002 1 1000 0 0.1 0.1 1 -1 10000 21 1e-06 2
3385325 1e-06 1e-06 3 0.002 1 1000 0 0.25 0.25 1 -1 10000 21 1e-06 2
3385326 1e-06 1e-06 3 0.002 1 1000 0 0.4 0.4 1 -1 10000 21 1e-06 2
3385327 1e-06 1e-06 3 0.002 1 1000 0 0.5 0.5 1 -1 10000 21 1e-06 2
3385328 1e-06 1e-06 3 0.002 1 1000 0.1 0.001 0.001 1 -1 10000 21 1e-06 2
3385329 1e-06 1e-06 3 0.002 1 1000 0.1 0.01 0.01 1 -1 10000 21 1e-06 2
3385330 1e-06 1e-06 3 0.002 1 1000 0.1 0.1 0.1 1 -1 10000 21 1e-06 2
3385331 1e-06 1e-06 3 0.002 1 1000 0.1 0.25 0.25 1 -1 10000 21 1e-06 2
3385332 1e-06 1e-06 3 0.002 1 1000 0.1 0.4 0.4 1 -1 10000 21 1e-06 2
3385333 1e-06 1e-06 3 0.002 1 1000 0.1 0.5 0.5 1 -1 10000 21 1e-06 2
3385334 1e-06 1e-06 3 0.002 2 1000 0 0.001 0.001 1 -1 10000 21 1e-06 2
3385335 1e-06 1e-06 3 0.002 2 1000 0 0.01 0.01 1 -1 10000 21 1e-06 2
3385336 1e-06 1e-06 3 0.002 2 1000 0 0.1 0.1 1 -1 10000 21 1e-06 2
3385337 1e-06 1e-06 3 0.002 2 1000 0 0.25 0.25 1 -1 10000 21 1e-06 2
3385338 1e-06 1e-06 3 0.002 2 1000 0 0.4 0.4 1 -1 10000 21 1e-06 2
3385339 1e-06 1e-06 3 0.002 2 1000 0 0.5 0.5 1 -1 10000 21 1e-06 2
3385340 1e-06 1e-06 3 0.002 2 1000 0.1 0.001 0.001 1 -1 10000 21 1e-06 2
3385341 1e-06 1e-06 3 0.002 2 1000 0.1 0.01 0.01 1 -1 10000 21 1e-06 2
3385342 1e-06 1e-06 3 0.002 2 1000 0.1 0.1 0.1 1 -1 10000 21 1e-06 2
3385343 1e-06 1e-06 3 0.002 2 1000 0.1 0.25 0.25 1 -1 10000 21 1e-06 2
3385344 1e-06 1e-06 3 0.002 2 1000 0.1 0.4 0.4 1 -1 10000 21 1e-06 2
3385345 1e-06 1e-06 3 0.002 2 1000 0.1 0.5 0.5 1 -1 10000 21 1e-06 2
3385346 1e-06 1e-06 3 0.002 3 1000 0 0.001 0.001 1 -1 10000 21 1e-06 2
3385347 1e-06 1e-06 3 0.002 3 1000 0 0.01 0.01 1 -1 10000 21 1e-06 2
3385348 1e-06 1e-06 3 0.002 3 1000 0 0.1 0.1 1 -1 10000 21 1e-06 2
3385349 1e-06 1e-06 3 0.002 3 1000 0 0.25 0.25 1 -1 10000 21 1e-06 2
3385350 1e-06 1e-06 3 0.002 3 1000 0 0.4 0.4 1 -1 10000 21 1e-06 2
3385351 1e-06 1e-06 3 0.002 3 1000 0 0.5 0.5 1 -1 10000 21 1e-06 2
3385352 1e-06 1e-06 3 0.002 3 1000 0.1 0.001 0.001 1 -1 10000 21 1e-06 2
3385353 1e-06 1e-06 3 0.002 3 1000 0.1 0.01 0.01 1 -1 10000 21 1e-06 2
3385354 1e-06 1e-06 3 0.002 3 1000 0.1 0.1 0.1 1 -1 10000 21 1e-06 2
3385355 1e-06 1e-06 3 0.002 3 1000 0.1 0.25 0.25 1 -1 10000 21 1e-06 2
3385356 1e-06 1e-06 3 0.002 3 1000 0.1 0.4 0.4 1 -1 10000 21 1e-06 2
3385357 1e-06 1e-06 3 0.002 3 1000 0.1 0.5 0.5 1 -1 10000 21 1e-06 2
3385358 1e-06 1e-06 3 0.002 4 1000 0 0.001 0.001 1 -1 10000 21 1e-06 2
3385359 1e-06 1e-06 3 0.002 4 1000 0 0.01 0.01 1 -1 10000 21 1e-06 2
3385360 1e-06 1e-06 3 0.002 4 1000 0 0.1 0.1 1 -1 10000 21 1e-06 2
3385361 1e-06 1e-06 3 0.002 4 1000 0 0.25 0.25 1 -1 10000 21 1e-06 2
3385362 1e-06 1e-06 3 0.002 4 1000 0 0.4 0.4 1 -1 10000 21 1e-06 2
3385363 1e-06 1e-06 3 0.002 4 1000 0 0.5 0.5 1 -1 10000 21 1e-06 2
3385364 1e-06 1e-06 3 0.002 4 1000 0.1 0.001 0.001 1 -1 10000 21 1e-06 2
3385365 1e-06 1e-06 3 0.002 4 1000 0.1 0.01 0.01 1 -1 10000 21 1e-06 2
3385366 1e-06 1e-06 3 0.002 4 1000 0.1 0.1 0.1 1 -1 10000 21 1e-06 2
3385367 1e-06 1e-06 3 0.002 4 1000 0.1 0.25 0.25 1 -1 10000 21 1e-06 2
3385368 1e-06 1e-06 3 0.002 4 1000 0.1 0.4 0.4 1 -1 10000 21 1e-06 2
3385369 1e-06 1e-06 3 0.002 4 1000 0.1 0.5 0.5 1 -1 10000 21 1e-06 2
3385370 1e-06 1e-06 3 0.002 5 1000 0 0.001 0.001 1 -1 10000 21 1e-06 2
3385371 1e-06 1e-06 3 0.002 5 1000 0 0.01 0.01 1 -1 10000 21 1e-06 2
3385372 1e-06 1e-06 3 0.002 5 1000 0 0.1 0.1 1 -1 10000 21 1e-06 2
3385373 1e-06 1e-06 3 0.002 5 1000 0 0.25 0.25 1 -1 10000 21 1e-06 2
3385374 1e-06 1e-06 3 0.002 5 1000 0 0.4 0.4 1 -1 10000 21 1e-06 2
3385375 1e-06 1e-06 3 0.002 5 1000 0 0.5 0.5 1 -1 10000 21 1e-06 2
3385376 1e-06 1e-06 3 0.002 5 1000 0.1 0.001 0.001 1 -1 10000 21 1e-06 2
3385377 1e-06 1e-06 3 0.002 5 1000 0.1 0.01 0.01 1 -1 10000 21 1e-06 2
3385378 1e-06 1e-06 3 0.002 5 1000 0.1 0.1 0.1 1 -1 10000 21 1e-06 2
3385379 1e-06 1e-06 3 0.002 5 1000 0.1 0.25 0.25 1 -1 10000 21 1e-06 2
3385380 1e-06 1e-06 3 0.002 5 1000 0.1 0.4 0.4 1 -1 10000 21 1e-06 2
3385381 1e-06 1e-06 3 0.002 5 1000 0.1 0.5 0.5 1 -1 10000 21 1e-06 2
3385382 1e-06 1e-06 3 0.2 1 1000 0 0.001 0.001 1 -1 10000 21 1e-06 2
3385383 1e-06 1e-06 3 0.2 1 1000 0 0.01 0.01 1 -1 10000 21 1e-06 2
3385384 1e-06 1e-06 3 0.2 1 1000 0 0.1 0.1 1 -1 10000 21 1e-06 2
3385385 1e-06 1e-06 3 0.2 1 1000 0 0.25 0.25 1 -1 10000 21 1e-06 2
3385386 1e-06 1e-06 3 0.2 1 1000 0 0.4 0.4 1 -1 10000 21 1e-06 2
3385387 1e-06 1e-06 3 0.2 1 1000 0 0.5 0.5 1 -1 10000 21 1e-06 2
3385388 1e-06 1e-06 3 0.2 1 1000 0.1 0.001 0.001 1 -1 10000 21 1e-06 2
3385389 1e-06 1e-06 3 0.2 1 1000 0.1 0.01 0.01 1 -1 10000 21 1e-06 2
3385390 1e-06 1e-06 3 0.2 1 1000 0.1 0.1 0.1 1 -1 10000 21 1e-06 2
3385391 1e-06 1e-06 3 0.2 1 1000 0.1 0.25 0.25 1 -1 10000 21 1e-06 2
3385392 1e-06 1e-06 3 0.2 1 1000 0.1 0.4 0.4 1 -1 10000 21 1e-06 2
3385393 1e-06 1e-06 3 0.2 1 1000 0.1 0.5 0.5 1 -1 10000 21 1e-06 2
3385394 1e-06 1e-06 3 0.2 2 1000 0 0.001 0.001 1 -1 10000 21 1e-06 2
3385395 1e-06 1e-06 3 0.2 2 1000 0 0.01 0.01 1 -1 10000 21 1e-06 2
3385396 1e-06 1e-06 3 0.2 2 1000 0 0.1 0.1 1 -1 10000 21 1e-06 2
3385397 1e-06 1e-06 3 0.2 2 1000 0 0.25 0.25 1 -1 10000 21 1e-06 2
3385398 1e-06 1e-06 3 0.2 2 1000 0 0.4 0.4 1 -1 10000 21 1e-06 2
3385399 1e-06 1e-06 3 0.2 2 1000 0 0.5 0.5 1 -1 10000 21 1e-06 2
3385400 1e-06 1e-06 3 0.2 2 1000 0.1 0.001 0.001 1 -1 10000 21 1e-06 2
3385401 1e-06 1e-06 3 0.2 2 1000 0.1 0.01 0.01 1 -1 10000 21 1e-06 2
3385402 1e-06 1e-06 3 0.2 2 1000 0.1 0.1 0.1 1 -1 10000 21 1e-06 2
3385403 1e-06 1e-06 3 0.2 2 1000 0.1 0.25 0.25 1 -1 10000 21 1e-06 2
3385404 1e-06 1e-06 3 0.2 2 1000 0.1 0.4 0.4 1 -1 10000 21 1e-06 2
3385405 1e-06 1e-06 3 0.2 2 1000 0.1 0.5 0.5 1 -1 10000 21 1e-06 2
3385406 1e-06 1e-06 3 0.2 3 1000 0 0.001 0.001 1 -1 10000 21 1e-06 2
3385407 1e-06 1e-06 3 0.2 3 1000 0 0.01 0.01 1 -1 10000 21 1e-06 2
3385408 1e-06 1e-06 3 0.2 3 1000 0 0.1 0.1 1 -1 10000 21 1e-06 2
3385409 1e-06 1e-06 3 0.2 3 1000 0 0.25 0.25 1 -1 10000 21 1e-06 2
3385410 1e-06 1e-06 3 0.2 3 1000 0 0.4 0.4 1 -1 10000 21 1e-06 2
3385411 1e-06 1e-06 3 0.2 3 1000 0 0.5 0.5 1 -1 10000 21 1e-06 2
3385412 1e-06 1e-06 3 0.2 3 1000 0.1 0.001 0.001 1 -1 10000 21 1e-06 2
3385413 1e-06 1e-06 3 0.2 3 1000 0.1 0.01 0.01 1 -1 10000 21 1e-06 2
3385414 1e-06 1e-06 3 0.2 3 1000 0.1 0.1 0.1 1 -1 10000 21 1e-06 2
3385415 1e-06 1e-06 3 0.2 3 1000 0.1 0.25 0.25 1 -1 10000 21 1e-06 2
3385416 1e-06 1e-06 3 0.2 3 1000 0.1 0.4 0.4 1 -1 10000 21 1e-06 2
3385417 1e-06 1e-06 3 0.2 3 1000 0.1 0.5 0.5 1 -1 10000 21 1e-06 2
3385418 1e-06 1e-06 3 0.2 4 1000 0 0.001 0.001 1 -1 10000 21 1e-06 2
3385419 1e-06 1e-06 3 0.2 4 1000 0 0.01 0.01 1 -1 10000 21 1e-06 2
3385420 1e-06 1e-06 3 0.2 4 1000 0 0.1 0.1 1 -1 10000 21 1e-06 2
3385421 1e-06 1e-06 3 0.2 4 1000 0 0.25 0.25 1 -1 10000 21 1e-06 2
3385422 1e-06 1e-06 3 0.2 4 1000 0 0.4 0.4 1 -1 10000 21 1e-06 2
3385423 1e-06 1e-06 3 0.2 4 1000 0 0.5 0.5 1 -1 10000 21 1e-06 2
3385424 1e-06 1e-06 3 0.2 4 1000 0.1 0.001 0.001 1 -1 10000 21 1e-06 2
3385425 1e-06 1e-06 3 0.2 4 1000 0.1 0.01 0.01 1 -1 10000 21 1e-06 2
3385426 1e-06 1e-06 3 0.2 4 1000 0.1 0.1 0.1 1 -1 10000 21 1e-06 2
3385427 1e-06 1e-06 3 0.2 4 1000 0.1 0.25 0.25 1 -1 10000 21 1e-06 2
3385428 1e-06 1e-06 3 0.2 4 1000 0.1 0.4 0.4 1 -1 10000 21 1e-06 2
3385429 1e-06 1e-06 3 0.2 4 1000 0.1 0.5 0.5 1 -1 10000 21 1e-06 2
3385430 1e-06 1e-06 3 0.2 5 1000 0 0.001 0.001 1 -1 10000 21 1e-06 2
3385431 1e-06 1e-06 3 0.2 5 1000 0 0.01 0.01 1 -1 10000 21 1e-06 2
3385432 1e-06 1e-06 3 0.2 5 1000 0 0.1 0.1 1 -1 10000 21 1e-06 2
3385433 1e-06 1e-06 3 0.2 5 1000 0 0.25 0.25 1 -1 10000 21 1e-06 2
3385434 1e-06 1e-06 3 0.2 5 1000 0 0.4 0.4 1 -1 10000 21 1e-06 2
3385435 1e-06 1e-06 3 0.2 5 1000 0 0.5 0.5 1 -1 10000 21 1e-06 2
3385436 1e-06 1e-06 3 0.2 5 1000 0.1 0.001 0.001 1 -1 10000 21 1e-06 2
3385437 1e-06 1e-06 3 0.2 5 1000 0.1 0.01 0.01 1 -1 10000 21 1e-06 2
3385438 1e-06 1e-06 3 0.2 5 1000 0.1 0.1 0.1 1 -1 10000 21 1e-06 2
3385439 1e-06 1e-06 3 0.2 5 1000 0.1 0.25 0.25 1 -1 10000 21 1e-06 2
3385440 1e-06 1e-06 3 0.2 5 1000 0.1 0.4 0.4 1 -1 10000 21 1e-06 2
3385441 1e-06 1e-06 3 0.2 5 1000 0.1 0.5 0.5 1 -1 10000 21 1e-06 2
