"x"
3384362
3384363
3384364
3384366
3384368
3384369
3384370
3384371
3384372
3384374
3384376
3384378
3384379
3384381
3384382
3384383
3384385
3384388
3384393
3384394
3384395
3384398
3384399
3384400
3384401
3384403
3384405
3384406
3384407
3384409
3384410
3384412
3384414
3384416
3384418
3384419
3384420
3384421
3384482
3384483
3384486
3384487
3384488
3384489
3384490
3384491
3384492
3384493
3384494
3384495
3384497
3384498
3384503
3384505
3384506
3384507
3384510
3384511
3384512
3384514
3384515
3384516
3384517
3384518
3384519
3384521
3384522
3384523
3384524
3384525
3384529
3384531
3384532
3384534
3384535
3384537
3384539
3384540
3384565
3384603
3384605
3384609
3384610
3384613
3384614
3384617
3384618
3384619
3384620
3384621
3384622
3384624
3384625
3384636
3384650
3384651
3384652
3384653
3384654
3384655
3384658
3384659
3384664
3384716
3384724
3384726
3384730
3384753
3384757
3384771
3384848
3384850
3384854
3384867
3384873
3384876
3384891
3384892
3384908
3384938
3384964
3384973
3384976
3384977
3384983
3384985
3384995
3385007
3385015
3385017
3385023
3385025
3385058
3385088
3385092
3385097
3385099
3385101
3385102
3385103
3385107
3385110
3385112
3385113
3385120
3385123
3385127
3385132
3385186
3385200
3385202
3385204
3385206
3385207
3385209
3385210
3385211
3385214
3385217
3385218
3385219
3385221
3385222
3385227
3385228
3385234
3385236
3385250
3385251
3385252
3385256
3385257
3385258
3385322
3385323
3385325
3385332
3385341
3385343
3385344
3385345
3385346
3385347
3385348
3385350
3385351
3385352
3385356
3385358
3385360
3385361
3385365
3385366
3385367
3385369
3385370
3385372
3385374
3385375
3385376
3385377
3385378
3385379
3385380
3385381
3385385
3385388
3385401
3385408
3385415
3385431
