sim_gen inv_id mut_id qtn_gen_origin qtn_pos qtn_selCoef qtn_dom 
400 34298 17757 188 1.77431e+06 0.00251658 0
400 33752 33199 383 173836 0.000759861 0
600 5372 50704 210 1.42589e+06 7.61054e-05 0
600 26746 51695 243 684408 -0.00119354 0
600 26746 46492 547 668939 -0.00100041 0
600 26746 51327 494 683905 0.0039126 0
600 49965 42687 492 19672 -0.00275931 0
800 61788 60640 3 1.22213e+06 -0.00338881 0
800 5372 68362 696 1.43064e+06 0.00223766 0
800 5372 65837 581 1.4409e+06 -0.00197701 0
800 5372 68223 773 1.45593e+06 -0.000181625 0
800 5372 68267 557 1.44443e+06 -0.00303856 0
800 5372 58071 101 1.43485e+06 0.000904702 0
800 5372 67478 358 1.42672e+06 0.000866542 0
800 5372 67642 180 1.4554e+06 6.65329e-05 0
800 48258 64776 171 985116 0.00288877 0
800 17029 62252 393 693241 -0.000608976 0
800 17029 65123 697 694215 0.000650765 0
1000 5372 82264 171 1.43631e+06 -8.56036e-05 0
1000 5372 85349 343 1.42568e+06 -0.00107279 0
1000 5372 85126 75 1.45614e+06 -0.00145765 0
1000 5372 86077 518 1.44345e+06 0.000348645 0
1000 5372 86150 377 1.42739e+06 -0.000432136 0
1000 78963 72678 843 139066 -0.000953663 0
1000 48258 82631 348 998841 0.0036515 0
1000 48258 83975 685 963190 0.000516513 0
1000 29383 85244 171 1.8453e+06 -0.00186702 0
1000 17029 78298 171 689845 0.00134419 0
1000 38234 73770 171 1.27992e+06 -0.000482186 0
1000 38234 82446 678 1.28466e+06 -0.000265764 0
1000 74156 84458 171 1.02764e+06 -0.002188 0
1000 85493 74493 377 556975 -0.00112 0
1200 99896 91906 3 1.94747e+06 0.00103085 0
1200 5372 89714 901 1.43111e+06 0.00037956 0
1200 5372 100700 595 1.43207e+06 0.00171582 0
1200 5372 99999 343 1.43994e+06 -0.00418741 0
1200 5372 103334 1193 1.45031e+06 0.00278923 0
1200 5372 101857 685 1.42497e+06 -0.00291173 0
1200 5372 103363 1092 1.45373e+06 -0.000712241 0
1200 92206 97593 830 1.47555e+06 -0.00463403 0
1200 76644 94012 952 951375 -0.00190536 0
1200 76644 93468 3 941721 -0.000543793 0
1200 17029 101361 954 693352 -0.00369796 0
1200 38234 103415 343 1.26951e+06 0.000658941 0
1200 26746 102429 171 694363 -0.00020386 0
1400 5372 117157 171 1.44162e+06 0.0016697 0
1400 5372 106781 942 1.45625e+06 0.00210059 0
1400 5372 120488 1107 1.45284e+06 0.000877447 0
1400 5372 120529 662 1.43338e+06 0.00110507 0
1400 48258 120237 830 985598 0.0012274 0
1400 48258 119696 343 994165 0.00064023 0
1400 119833 112235 1370 1.51247e+06 -0.00120774 0
1400 29383 120133 343 1.85489e+06 0.00206821 0
1400 17029 120559 728 691139 -0.000168692 0
1400 58028 120356 830 1.81437e+06 -0.000508117 0
1400 26746 118630 830 680230 0.00176951 0
1400 26746 120596 343 687271 0.00192735 0
1400 26746 120474 171 680734 4.86372e-05 0
1600 5372 130410 348 1.42277e+06 0.000957049 0
1600 5372 131416 893 1.43456e+06 -0.00198686 0
1600 5372 137561 377 1.4481e+06 0.00339652 0
1600 48258 129122 348 996136 -0.00252421 0
1600 48258 136618 893 991160 0.00200061 0
1600 48258 137482 377 998380 -0.000804263 0
1600 17029 131569 348 690780 -0.00295385 0
1600 38234 131421 691 1.27746e+06 -0.00283302 0
1600 38234 137724 348 1.27346e+06 -0.000612243 0
1600 120926 134097 830 161832 0.00189744 0
1800 114688 154214 343 1.26324e+06 -0.000836996 0
1800 114688 151074 645 1.26176e+06 -0.00466237 0
1800 5372 150504 1419 1.42616e+06 6.93719e-05 0
1800 5372 155041 696 1.42462e+06 5.82258e-05 0
1800 5372 154983 893 1.42587e+06 -0.00216333 0
1800 5372 155072 1332 1.43137e+06 0.00250367 0
1800 5372 154822 87 1.42505e+06 0.000244503 0
1800 65709 155120 830 415749 0.00172522 0
1800 48258 155039 581 966051 -0.00159124 0
1800 48258 152768 87 994266 0.000687358 0
1800 48258 155125 662 973792 -0.00120482 0
1800 17029 146663 830 688772 0.000624729 0
1800 17029 154852 1723 694456 -0.00339135 0
1800 17029 155117 536 692382 0.000677485 0
1800 38234 148983 348 1.28422e+06 -0.00234042 0
1800 74156 155112 830 1.02406e+06 -0.00102488 0
1800 155137 142735 1096 845780 0.000172327 0
1800 155138 138103 3 1.57185e+06 -0.00118401 0
2000 5372 165720 1330 1.42202e+06 3.20822e-05 0
2000 5372 171658 87 1.43599e+06 -0.00278116 0
2000 5372 170393 1901 1.44929e+06 -0.00149442 0
2000 5372 170869 547 1.45504e+06 -0.00238237 0
2000 5372 170444 393 1.45699e+06 0.00180983 0
2000 5372 169551 233 1.44959e+06 -0.00308962 0
2000 5372 172140 180 1.45721e+06 0.00548715 0
2000 5372 171613 533 1.44994e+06 -0.00146198 0
2000 5372 170707 1503 1.43839e+06 -0.00432529 0
2000 65709 171246 171 421189 0.00275038 0
2000 155542 171832 893 483803 0.00115502 0
2000 17029 163878 1676 689125 0.0043883 0
2000 17029 168730 348 689726 -0.00459148 0
2000 38234 157737 1096 1.26766e+06 -0.00336597 0
2000 38234 157752 893 1.26339e+06 -0.00123179 0
2000 26746 172075 1337 684990 -0.00211894 0
2000 26746 168930 581 685301 -0.000925762 0
2000 26746 158848 893 689064 -0.00238635 0
2000 26746 157644 1516 690656 0.00243082 0
2000 26746 172255 87 695840 -0.000494849 0
2000 152067 166773 1330 1.9215e+06 -3.16695e-05 0
2000 152067 170725 348 1.91241e+06 0.00254491 0
2000 152067 170083 893 1.94066e+06 0.000422828 0
2000 152067 170632 87 1.95155e+06 0.000507312 0
2000 152067 169720 885 1.91676e+06 -0.00203476 0
2200 5372 175402 1671 1.4321e+06 -0.00147738 0
2200 5372 189422 348 1.43663e+06 -0.000125112 0
2200 5372 174981 1222 1.44672e+06 0.00232053 0
2200 5372 187504 885 1.43371e+06 -0.00091658 0
2200 5372 189496 1136 1.44204e+06 -0.00236041 0
2200 5372 189153 545 1.43618e+06 0.000262227 0
2200 155542 189135 1642 483983 -0.00368354 0
2200 26746 189255 1979 690391 -0.00146532 0
2200 26746 189488 2101 689179 -0.0031435 0
2200 26746 189219 1151 688437 -0.000648822 0
2200 152067 189173 171 1.95299e+06 -0.00243188 0
2200 152067 185632 1671 1.93498e+06 0.0018177 0
2200 152067 189551 696 1.92624e+06 -0.000488845 0
2200 165783 186335 1979 323063 0.00113764 0
2200 165783 187353 2101 344991 -0.00196991 0
2400 114688 190805 691 1.27077e+06 0.00392945 0
2400 5372 200080 1776 1.43141e+06 0.000763344 0
2400 5372 200424 1735 1.42745e+06 0.00203405 0
2400 5372 198688 2199 1.45042e+06 -0.00345046 0
2400 5372 195268 87 1.4378e+06 0.000708436 0
2400 5372 193149 1901 1.45713e+06 -0.000458667 0
2400 5372 204744 1092 1.43003e+06 5.94435e-05 0
2400 5372 206501 875 1.44201e+06 0.00535367 0
2400 48258 206601 830 987080 -0.00384865 0
2400 48258 205866 1180 967258 -0.000380916 0
2400 48258 206634 1671 997566 0.00242813 0
2400 26746 196917 2178 690429 0.000191238 0
2400 26746 193433 1948 687487 -0.000407106 0
2400 26746 200403 2224 678460 0.00255848 0
2400 26746 205975 2374 690771 0.00147618 0
2400 26746 202369 2101 686937 0.00257984 0
2400 26746 205656 1605 693152 0.000747411 0
2400 152067 196416 348 1.94877e+06 0.00177331 0
2400 152067 206503 989 1.93515e+06 -0.000205078 0
2400 152067 206527 893 1.9383e+06 0.000830059 0
2400 165783 205480 893 333898 -0.00155591 0
2400 165783 195190 519 313778 -0.00135445 0
2400 165783 202476 87 313700 0.000897911 0
2600 5372 217969 2349 1.42918e+06 0.00171035 0
2600 5372 222781 893 1.44821e+06 -0.00204442 0
2600 155542 220031 1671 485805 0.00413217 0
2600 155542 222936 2185 486659 -0.000602321 0
2600 48258 223099 2349 965990 0.000143998 0
2600 26746 223095 2224 688745 0.00212824 0
2600 26746 217659 483 675815 -0.00366003 0
2600 26746 223641 1676 685311 -0.000145297 0
2600 26746 222010 87 674001 0.00162307 0
2600 26746 223728 1092 677886 0.000355787 0
2600 152067 222972 1642 1.93836e+06 0.000445699 0
2600 221953 219077 691 825210 -0.00515828 0
2800 5372 237116 483 1.4274e+06 0.00211152 0
2800 5372 239809 1605 1.43844e+06 0.00131877 0
2800 5372 230817 348 1.43767e+06 0.000565297 0
2800 5372 240315 893 1.45073e+06 -0.00139013 0
2800 214769 241192 3 722232 0.00111641 0
2800 155542 240913 171 487142 -0.000900302 0
2800 216700 229351 2415 1.9715e+06 -0.00219721 0
2800 26746 228745 1603 670702 -0.00192573 0
2800 207405 236377 171 764248 -0.002987 0
2800 207405 241180 1671 762661 0.00186926 0
2800 225503 240934 1330 839506 -3.51756e-05 0
2800 221953 240362 87 831759 0.000818613 0
2800 149805 238348 1671 1.89886e+06 -0.000403341 0
2800 236063 241148 1330 1.63141e+06 0.00360642 0
2800 216359 241026 2472 436835 -0.000635481 0
3000 5372 257934 1330 1.43477e+06 -0.000304998 0
3000 221536 257414 1671 1.43658e+06 0.00258289 0
3000 221536 257514 348 1.42526e+06 0.000146111 0
3000 221536 258194 581 1.45028e+06 -0.000325244 0
3000 155542 256593 1671 495472 0.0014161 0
3000 48258 256365 2144 974512 0.0003814 0
3000 26746 257159 348 673675 0.00244241 0
3000 26746 252159 893 691451 -0.00412268 0
3000 207405 255865 2144 767700 0.00147251 0
3000 207405 257697 171 757564 -0.00206612 0
3000 207405 248803 1676 768838 -0.00232057 0
3000 207405 257602 348 778788 -1.75285e-06 0
3000 161844 258241 3 1.42896e+06 0.00330734 0
3000 230092 258109 691 1.62949e+06 -0.00197794 0
3000 230092 257909 171 1.62599e+06 0.000174302 0
3000 230092 258230 1755 1.66845e+06 -0.00207283 0
3200 5372 264506 3 1.44168e+06 -0.00306137 0
3200 5372 267642 171 1.43778e+06 0.000680778 0
3200 5372 275385 2278 1.45273e+06 -0.00131087 0
3200 221536 261169 1996 1.43083e+06 0.00280983 0
3200 273077 269991 2867 671357 0.000737424 0
3200 210729 271946 3135 214809 0.00149775 0
3200 26746 274524 2278 692710 -0.00141184 0
3200 207405 268068 2415 745349 0.00221287 0
3200 165783 275363 2033 333977 0.0024882 0
3200 149805 275295 171 1.89914e+06 -0.00257219 0
3200 274284 275384 581 1.23916e+06 0.00145408 0
3400 290389 278223 1996 1.77034e+06 0.00178543 0
3400 5372 291586 171 1.42582e+06 -0.000120188 0
3400 5372 284916 2971 1.45226e+06 0.00134329 0
3400 221536 290850 3070 1.43933e+06 -0.000736636 0
3400 221536 289417 2971 1.43694e+06 0.00353825 0
3400 155542 286215 830 487280 0.00252466 0
3400 26746 292369 2004 677248 -0.00334803 0
3400 207405 284101 2971 772350 0.0010108 0
3400 207405 287586 483 758290 0.00281529 0
3400 207405 280714 2933 753692 0.000180631 0
3400 207405 292218 2152 752796 -0.00164274 0
3400 207405 292496 348 770207 0.000908677 0
3400 207405 292596 581 767843 -0.00106566 0
3400 207405 292224 893 763230 0.00411057 0
3400 149805 289578 3 1.89741e+06 0.00238751 0
3600 5372 294095 3337 1.44655e+06 -0.000932323 0
3600 210729 303327 3559 217400 0.000938179 0
3600 210729 309779 3160 225104 -0.00270408 0
3600 210729 307619 1516 226925 -0.00306157 0
3600 26746 309508 1996 681942 -0.000176112 0
3600 207405 309044 1996 768156 0.00100806 0
3600 207405 297245 1671 775011 0.00266579 0
3600 207405 302989 2971 770937 -0.00102082 0
3600 207405 308376 348 746388 -0.00252879 0
3600 305013 306134 830 1.61749e+06 0.00239413 0
3800 5372 326064 1996 1.44924e+06 0.00197383 0
3800 155542 326829 3 491908 -0.000979157 0
3800 155542 326416 1996 486973 0.000497781 0
3800 210729 326435 171 220205 -0.000620981 0
3800 210729 324587 2420 219926 -0.00180331 0
3800 210729 325828 3509 234264 0.00100765 0
3800 210729 313527 3322 220044 -0.00325746 0
3800 210729 326889 2881 226946 0.000897421 0
3800 210729 326931 2933 236215 -0.00303473 0
3800 307937 326846 3438 947760 0.00359957 0
3800 26746 312371 1996 689172 0.000162782 0
3800 26746 316320 171 682354 0.00259958 0
3800 26746 316583 1676 689070 0.00200772 0
3800 26746 322583 3074 673660 0.00207154 0
3800 26746 326875 2152 675621 0.000749308 0
3800 26746 326898 1096 690883 0.00124129 0
3800 26746 326923 3296 672073 -0.00148939 0
3800 26746 326932 348 681724 -0.00288288 0
3800 26746 326941 893 682379 0.000985296 0
3800 207405 325144 3438 764718 0.00248694 0
3800 207405 326582 3657 778486 0.0010225 0
3800 207405 321423 171 772511 0.00239215 0
3800 207405 326734 2420 777583 0.000324553 0
3800 207405 326513 3509 770339 -0.00319998 0
3800 274284 321480 2185 1.22524e+06 -0.00498865 0
3800 274284 326944 2971 1.23596e+06 0.00314133 0
3800 324873 322285 1996 1.25172e+06 -0.0008021 0
3800 316928 324411 1996 1.67001e+06 -0.000929235 0
4000 5372 331576 343 1.42476e+06 0.0012158 0
4000 5372 340673 3514 1.43654e+06 -0.000481891 0
4000 5372 337692 3074 1.44926e+06 -0.000220075 0
4000 5372 343816 2152 1.4578e+06 -0.000635436 0
4000 5372 343510 348 1.42284e+06 0.00138613 0
4000 5372 343997 893 1.44926e+06 0.00406699 0
4000 155542 327956 1996 488606 0.0010701 0
4000 155542 344193 171 494746 0.00020788 0
4000 210729 338027 3074 216998 0.00036487 0
4000 210729 343029 2152 228985 0.00407196 0
4000 210729 340989 348 237305 -0.000835061 0
4000 26746 335775 2415 672460 0.0013111 0
4000 26746 342394 3262 692397 -0.000710804 0
4000 26746 343918 2867 684234 0.0011685 0
4000 26746 335800 3680 680644 -0.000181244 0
4000 26746 344134 3816 688726 -0.000641895 0
4000 26746 344005 2152 670675 -0.00107037 0
4000 26746 343772 1605 691997 0.00120982 0
4000 207405 341331 1996 748640 0.00383609 0
4000 207405 333298 171 773877 -0.000877856 0
4000 207405 337693 2415 754761 0.00348998 0
4000 207405 341187 3262 754520 0.00170922 0
4000 207405 332619 2867 757381 0.000849501 0
4000 207405 343866 3680 775161 -0.00311465 0
4000 207405 344159 3816 773498 -0.000425641 0
4000 207405 343559 2152 771130 -0.000451205 0
4000 207405 344179 1605 757348 -0.00369676 0
4200 5372 345455 3074 1.44266e+06 0.00279714 0
4200 5372 355073 1096 1.42867e+06 0.000599737 0
4200 5372 360601 348 1.43484e+06 0.00044575 0
4200 5372 361005 893 1.438e+06 0.0047226 0
4200 5372 358404 2999 1.4413e+06 -0.00276604 0
4200 354335 360631 171 770899 0.00124669 0
4200 210729 353848 3711 232639 -0.00110381 0
4200 210729 358575 2427 215197 -0.000117955 0
4200 26746 360233 348 696433 0.000124544 0
4200 26746 356321 1332 675733 -0.000642919 0
4200 26746 354271 3348 693822 -0.00152766 0
4200 26746 357471 3839 677150 -0.00127458 0
4200 26746 360269 1092 674839 -0.000695041 0
4200 26746 359130 3919 677866 0.00411294 0
4200 26746 361230 1614 690220 0.00142131 0
4200 26746 361243 3714 669176 -0.000155036 0
4200 207405 348142 3 753847 -0.000337305 0
4200 207405 359275 1996 755305 -0.00103378 0
4200 207405 356787 2881 748287 0.00135097 0
4200 207405 361126 1330 769389 0.00404178 0
4200 207405 361174 2427 754664 0.00178895 0
4200 207405 361008 348 755078 0.00127789 0
4200 207405 360912 893 759210 -0.00108324 0
4200 207405 361194 1332 742744 0.000715881 0
4200 207405 361202 4188 776181 0.000411979 0
4200 207405 360712 1092 780092 0.00545718 0
4200 207405 360780 1536 751055 0.0013517 0
4200 207405 361256 1297 768809 0.00151165 0
4200 343693 361134 4070 628825 0.000839569 0
4400 5372 370833 2420 1.45309e+06 -0.000987708 0
4400 5372 378317 1075 1.44024e+06 0.00561867 0
4400 343693 375665 3438 630097 0.00196503 0
4400 334924 378127 1996 1.49375e+06 -0.000435239 0
4400 155542 373090 1996 495252 0.00213965 0
4400 155542 378320 171 496110 0.00414347 0
4400 210729 376623 2152 215492 -0.000651063 0
4400 210729 362604 3535 236725 -0.00232317 0
4400 210729 369492 3235 226221 -0.000495973 0
4400 210729 377699 3317 231093 9.2567e-05 0
4400 210729 374549 348 236699 -0.00144234 0
4400 210729 378131 893 231100 0.000687057 0
4400 210729 377934 3160 227874 0.00100142 0
4400 210729 378309 1516 216376 0.000677493 0
4400 26746 377814 1330 687714 0.000387451 0
4400 26746 374297 2152 679584 0.00153915 0
4400 26746 378059 3535 679819 -0.00215068 0
4400 26746 377521 3235 673541 0.00191866 0
4400 26746 377799 3317 690605 0.0014289 0
4400 26746 378342 348 690704 0.000216453 0
4400 207405 361801 1330 747913 -0.00107835 0
4400 207405 374611 3074 753072 -0.000743764 0
4400 207405 376816 2152 764932 0.00377487 0
4400 207405 377622 3535 777107 0.00229875 0
4400 207405 376330 3235 752125 0.00355492 0
4400 332612 372075 2152 1.85283e+06 -0.000210831 0
4400 332612 378108 348 1.88563e+06 -0.000771649 0
4400 332612 377748 893 1.86919e+06 0.00155095 0
4400 332612 378300 519 1.86004e+06 -0.00113255 0
4400 378370 376872 3110 243100 -0.00241429 0
4600 5372 394102 2867 1.45204e+06 -0.00334013 0
4600 5372 392435 343 1.44813e+06 0.0022553 0
4600 5372 390343 2152 1.43623e+06 -0.00137823 0
4600 5372 395410 1096 1.4476e+06 0.00296806 0
4600 343693 394255 3509 614563 0.00212488 0
4600 343693 395377 3514 630678 -0.00480279 0
4600 395161 390333 2867 1.22055e+06 0.00222336 0
4600 210729 380189 2152 226522 -0.000617224 0
4600 210729 395042 348 233313 -0.00119904 0
4600 210729 395236 893 231741 -0.000337384 0
4600 210729 395488 3785 217331 0.00330941 0
4600 210729 394192 3160 215316 0.00151785 0
4600 26746 392407 4565 669362 0.000409495 0
4600 26746 394644 4421 682538 -0.00168076 0
4600 26746 392627 348 681639 0.000256936 0
4600 26746 391855 893 689336 -0.00198609 0
4600 26746 390261 4316 694515 -0.000607825 0
4600 26746 394560 4266 677590 0.00244504 0
4600 26746 394229 1092 686141 -0.00222073 0
4600 26746 395462 662 691197 -0.00367769 0
4600 26746 395398 1297 694689 -2.26825e-05 0
4600 26746 395503 885 672567 0.00017739 0
4600 207405 395083 4299 745160 0.00179549 0
4600 207405 393090 3813 754992 0.00248433 0
4600 207405 392763 2867 741813 -0.00306814 0
4600 207405 395445 343 775694 -0.000439324 0
4600 207405 390257 2152 741827 0.00261652 0
4600 207405 395415 1096 774487 0.000476025 0
4600 207405 395001 348 767460 0.000227976 0
4600 207405 395169 893 775616 0.00105055 0
4600 207405 395305 4466 777354 0.00018054 0
4600 359047 383834 3875 1.17955e+06 -0.00156895 0
4800 5372 412577 3247 1.45557e+06 0.000796677 0
4800 5372 412413 3514 1.42401e+06 0.000889948 0
4800 5372 412611 2933 1.44674e+06 0.00156743 0
4800 5372 412630 2427 1.45428e+06 -0.00210106 0
4800 343693 412495 2971 633724 0.000500384 0
4800 343693 411290 2881 636373 -0.000787688 0
4800 210729 412462 893 226425 0.00383723 0
4800 210729 411709 1332 219979 0.0011765 0
4800 210729 412556 3160 228725 0.00216544 0
4800 210729 409749 1516 220948 0.000620819 0
4800 210729 412579 1822 223449 0.00194961 0
4800 210729 411308 4112 225006 0.00270639 0
4800 406480 412583 171 919939 0.000979062 0
4800 406480 412505 3247 939974 -0.00106013 0
4800 26746 411582 2933 671630 -0.0011825 0
4800 26746 411883 348 684293 -0.00117022 0
4800 26746 411811 893 692670 -0.000185742 0
4800 26746 402043 3785 676071 0.000409394 0
4800 26746 409973 3348 684795 -0.00178762 0
4800 26746 404219 87 688166 0.000852075 0
4800 26746 411707 1092 673191 0.000606405 0
4800 26746 412221 1536 673323 0.00166429 0
4800 26746 410200 662 669834 0.00209401 0
4800 26746 411998 1297 683154 0.000646156 0
4800 26746 412267 885 678112 -0.00239037 0
4800 207405 405322 3594 766548 -0.0023489 0
4800 207405 409236 3247 751302 0.00156881 0
4800 207405 410950 3514 775701 -0.0014541 0
4800 207405 409281 2933 763209 -0.00304766 0
4800 207405 412592 2427 774935 -0.00020698 0
4800 359047 412350 3594 1.17857e+06 0.000351583 0
4800 332612 403333 4278 1.86443e+06 -0.00272945 0
4800 410460 411778 171 958082 -0.000873667 0
4800 412312 409881 3509 426138 0.00292918 0
5000 5372 417941 2867 1.435e+06 0.00128632 0
5000 5372 415463 1671 1.42570e+06 -0.00144895 0
5000 5372 428970 4278 1.45445e+06 0.00146851 0
5000 5372 427139 2152 1.45231e+06 0.00190311 0
5000 5372 428540 4859 1.44852e+06 4.88202e-05 0
5000 5372 423658 348 1.42946e+06 -0.00160017 0
5000 5372 428290 893 1.44345e+06 -0.00071686 0
5000 5372 429718 1332 1.44341e+06 0.00288357 0
5000 396676 413697 4812 69587 0.0026154 0
5000 396676 414038 2427 63125 0.000729041 0
5000 210729 427486 2152 223974 -0.00042971 0
5000 210729 425373 4859 224273 -0.00566908 0
5000 210729 429850 3317 232773 -0.00226101 0
5000 210729 426753 348 230981 -0.00169692 0
5000 210729 428909 893 216295 0.00352833 0
5000 210729 429101 3785 216115 -0.0010973 0
5000 210729 429912 3160 227150 0.000211618 0
5000 210729 429684 1516 226322 -0.00432995 0
5000 26746 429905 2152 684886 -0.000582643 0
5000 26746 427782 4859 673770 0.000159662 0
5000 26746 425774 3317 679885 -0.00243041 0
5000 26746 429736 348 687195 0.000917551 0
5000 26746 428907 893 686211 -0.00172076 0
5000 207405 426485 3813 772549 0.00045122 0
5000 207405 429740 2881 746421 0.000693344 0
5000 386198 427614 2940 826562 -0.000611398 0
5000 422709 428934 4833 892990 -0.000377627 0
5000 429404 428698 3110 875747 -0.00133719 0
5200 5372 443958 3594 1.43530e+06 -6.22248e-05 0
5200 5372 446470 1671 1.4215e+06 -0.00223658 0
5200 5372 433771 4278 1.43664e+06 0.00106638 0
5200 5372 445502 2427 1.44513e+06 -0.00157056 0
5200 5372 446811 3074 1.43097e+06 8.55199e-05 0
5200 343693 445935 4572 622168 0.00030283 0
5200 396676 436625 5000 56495 0.00105533 0
5200 210729 444555 4278 237330 -0.00214856 0
5200 210729 446813 2427 227788 -3.72426e-05 0
5200 382500 436405 1996 527407 0.00171859 0
5200 382500 446457 4971 543486 0.00201462 0
5200 26746 439053 1671 680859 0.00133592 0
5200 26746 440992 4278 681756 0.000324763 0
5200 26746 442315 3074 680756 -0.00113111 0
5200 26746 446850 2152 677400 0.00464459 0
5200 26746 446894 348 669552 -0.00324562 0
5200 26746 444227 893 685862 0.00163197 0
5200 26746 445815 3160 696068 -0.000698796 0
5200 207405 446523 4572 767364 0.000313736 0
5200 207405 445920 3509 778168 0.000686891 0
5200 207405 446743 2867 776026 0.00446921 0
5200 409225 446458 1996 1.32945e+06 -0.00221088 0
5200 359047 440548 4572 1.17905e+06 0.000576333 0
5200 359047 436987 2940 1.18266e+06 0.000716867 0
5200 359047 444981 1671 1.19097e+06 -0.000613699 0
5200 332612 447025 5081 1.84126e+06 0.00177892 0
5200 435448 439154 4268 1.57617e+06 -0.00435629 0
5400 446831 463009 5129 816023 0.00147153 0
5400 5372 460504 3509 1.45611e+06 0.00296764 0
5400 5372 461763 4812 1.43404e+06 -0.00290048 0
5400 5372 459514 5000 1.42721e+06 0.000109164 0
5400 5372 457560 2152 1.44907e+06 -0.0017396 0
5400 5372 463686 893 1.44567e+06 0.000344077 0
5400 5372 458715 3785 1.43349e+06 -0.000143528 0
5400 5372 464212 3160 1.4347e+06 -0.00128494 0
5400 5372 447533 1516 1.42191e+06 8.90895e-05 0
5400 5372 464112 3928 1.43259e+06 0.000533831 0
5400 5372 463763 1822 1.44432e+06 0.000689327 0
5400 5372 464235 1536 1.4567e+06 0.00158887 0
5400 343693 464278 4812 611642 0.00274359 0
5400 343693 463708 5000 622520 0.00253675 0
5400 343693 464196 2881 620137 0.00109271 0
5400 396676 452721 4812 54538 -0.00304782 0
5400 396676 464236 5000 85784 -0.00195458 0
5400 396676 462639 3074 61879 0.000559156 0
5400 155542 464313 4924 492576 -0.00372449 0
5400 210729 463716 4278 228174 -0.000118372 0
5400 210729 459482 5015 220236 -0.00095219 0
5400 210729 448110 348 226765 0.00156108 0
5400 210729 463868 893 222929 0.00186598 0
5400 210729 461605 3160 216138 0.000998293 0
5400 210729 464103 1516 218349 -0.000353141 0
5400 382500 449792 3110 539433 -0.00173083 0
5400 382500 451086 1996 535034 -0.00289293 0
5400 382500 455949 2940 523945 0.000564008 0
5400 382500 462504 4278 536367 -0.000332269 0
5400 382500 459015 2881 528106 -0.000219948 0
5400 26746 458321 3785 678241 -0.00148239 0
5400 26746 458674 3160 669665 0.00358726 0
5400 26746 454056 1516 687840 0.00163258 0
5400 26746 462444 3928 669864 0.00209967 0
5400 26746 464000 1822 696175 0.00132815 0
5400 26746 462251 3388 678668 0.000632305 0
5400 26746 463129 1297 693362 -0.00211754 0
5400 26746 464133 2842 685761 0.00556517 0
5400 26746 464322 2703 673023 0.00179007 0
5400 26746 464332 796 689974 -0.0015955 0
5400 26746 464342 4331 674619 0.00179974 0
5400 207405 457737 5316 778538 -0.00167381 0
5400 207405 463263 1671 743598 -0.00151334 0
5400 207405 461211 4278 776541 -0.000318137 0
5400 207405 464096 348 771072 -0.00108837 0
5400 386198 464282 5316 823661 0.000202532 0
5400 386198 463829 1671 812833 0.00101012 0
5400 386198 463924 4278 813368 0.00294256 0
5400 386198 463898 348 824056 0.000182937 0
5400 386198 464275 893 815525 -0.0016613 0
5600 5372 479429 4572 1.42932e+06 0.00121394 0
5600 5372 476410 2933 1.43346e+06 -0.000748452 0
5600 5372 471588 2427 1.43768e+06 0.000773967 0
5600 5372 475323 893 1.43858e+06 0.0029339 0
5600 5372 481343 3160 1.43175e+06 -0.000165305 0
5600 5372 480589 1516 1.43045e+06 0.000782365 0
5600 5372 481177 3928 1.44104e+06 0.000843439 0
5600 5372 481481 1822 1.42906e+06 0.00245065 0
5600 5372 481442 87 1.43037e+06 -0.00073262 0
5600 343693 473924 5076 633925 0.00158898 0
5600 343693 468387 3509 624950 -0.00016769 0
5600 343693 481359 4812 613896 0.0017681 0
5600 396676 474411 4812 53316 -0.000683332 0
5600 155542 481517 5413 485681 0.00304636 0
5600 210729 475692 2427 223715 0.00387174 0
5600 210729 479820 3074 236302 -0.0028001 0
5600 210729 481547 1096 216125 0.00280431 0
5600 382500 481387 1996 542687 -0.000394465 0
5600 382500 480054 5076 535055 0.00074747 0
5600 382500 481425 3509 537134 -0.00116688 0
5600 26746 476078 5000 681739 -0.000461241 0
5600 26746 465841 3074 691870 0.0040511 0
5600 26746 481195 1096 690007 0.00275569 0
5600 26746 480991 348 689386 0.00393427 0
5600 26746 481386 893 693749 -0.00162161 0
5600 26746 480736 5211 679194 0.00268468 0
5600 26746 481349 3785 683568 0.00220887 0
5600 26746 480920 4507 677065 -0.00289714 0
5600 26746 481318 3160 686019 0.00604297 0
5600 26746 481499 1516 686299 -0.000459004 0
5600 207405 479901 171 758611 0.000661817 0
5600 207405 481398 4572 758102 -0.00226001 0
5600 207405 480456 3509 753494 -0.000819864 0
5600 207405 481094 2933 751455 6.80796e-06 0
5600 207405 481421 2427 754910 -0.00263562 0
5600 386198 480153 1996 824260 -0.00252582 0
5600 386198 480491 5076 818823 0.00136646 0
5800 5372 497770 1671 1.45666e+06 0.0014118 0
5800 5372 498825 4278 1.43638e+06 0.000775236 0
5800 5372 498838 2427 1.43738e+06 -0.0018759 0
5800 5372 498876 5501 1.45444e+06 -4.57547e-05 0
5800 343693 498812 3509 631969 -0.000699148 0
5800 343693 498754 4812 632851 0.00202869 0
5800 396676 490547 4812 49623 0.00182856 0
5800 396676 498271 5000 54018 -0.0036002 0
5800 396676 497944 2427 60531 0.000598098 0
5800 396676 498571 348 84750 -0.0027435 0
5800 210729 487930 1671 226583 -0.000909418 0
5800 210729 498081 3514 236830 7.15841e-05 0
5800 210729 496460 5352 216160 0.00146715 0
5800 210729 495520 2427 237071 0.00266825 0
5800 210729 498544 348 230928 -0.00192254 0
5800 382500 497187 3509 541054 -0.00304112 0
5800 382500 498700 4278 528470 0.000535237 0
5800 382500 498866 3514 521094 0.000829856 0
5800 26746 482639 4278 694989 0.00436164 0
5800 26746 494609 3514 680813 -0.000785852 0
5800 26746 498076 893 690349 0.00380551 0
5800 26746 497908 87 677596 0.000655891 0
5800 26746 493478 5759 670893 -0.000733444 0
5800 26746 494793 1536 677813 0.00171448 0
5800 26746 498669 662 687664 0.00190711 0
5800 26746 493124 1297 687753 0.00294121 0
5800 26746 498799 2877 678598 -0.000499127 0
5800 26746 498871 796 670530 2.3852e-05 0
5800 26746 498581 5229 696012 0.00178317 0
5800 207405 492249 5779 745821 0.000475516 0
5800 207405 498796 3509 757107 -0.00255951 0
5800 386198 495600 5177 822495 0.000727465 0
5800 461918 495468 5559 167445 -0.00247046 0
6000 5372 510045 2933 1.43928e+06 -0.000813709 0
6000 5372 516017 2427 1.43006e+06 -0.000238622 0
6000 5372 515793 348 1.44451e+06 0.00114142 0
6000 343693 512798 4572 612958 -0.000202614 0
6000 343693 515868 3813 609283 -0.00317864 0
6000 343693 515946 4278 612631 0.00112891 0
6000 155542 515485 3110 491074 -0.00231354 0
6000 210729 515836 2427 227456 -0.000982572 0
6000 210729 514138 5952 216765 0.00239763 0
6000 210729 516077 348 230788 1.38283e-05 0
6000 382500 514375 5154 537595 0.000473397 0
6000 382500 514281 4278 545563 -0.00263831 0
6000 382500 510382 1330 535653 0.00272762 0
6000 382500 513972 2427 540339 0.000238444 0
6000 26746 505858 2427 681117 -0.00189924 0
6000 26746 508899 3372 674362 0.00102543 0
6000 26746 514401 662 682889 0.000176093 0
6000 26746 515939 1297 689386 -0.000543512 0
6000 26746 516062 2877 692562 0.00101583 0
6000 26746 514321 2703 686816 -0.000959466 0
6000 26746 512289 796 672217 -0.00223241 0
6000 26746 515167 4814 688142 -0.000151338 0
6000 26746 515473 1085 682376 0.000384855 0
6000 26746 516033 4091 695591 0.00157121 0
6000 26746 515795 2096 688686 0.00356131 0
6000 26746 515069 5851 693915 -0.0012556 0
6000 26746 516121 4604 669159 -0.000469698 0
6000 207405 500274 3594 779022 0.0009041 0
6000 207405 514042 5154 774036 -0.00259372 0
6000 207405 501789 1330 765340 -0.000454523 0
6000 207405 515705 2427 741752 2.78098e-06 0
6000 207405 513392 5952 756465 0.0037691 0
6000 207405 515733 348 751545 -0.000346888 0
6000 499581 515937 5262 1.24462e+06 -0.000736082 0
6000 386198 512961 171 819781 0.00298372 0
6000 503116 515710 1996 852720 0.000962752 0
6000 512304 512769 4812 1.35204e+06 -0.00234057 0
6200 5372 527223 4278 1.42775e+06 0.000562188 0
6200 5372 528275 2427 1.4395e+06 -0.000410552 0
6200 5372 530966 5749 1.45652e+06 0.00122812 0
6200 5372 532248 6018 1.44026e+06 0.00172779 0
6200 5372 517076 348 1.43642e+06 0.000315906 0
6200 5372 533188 893 1.42513e+06 -0.00134972 0
6200 343693 530347 5559 622627 0.00471289 0
6200 343693 532755 4278 636949 0.000106864 0
6200 396676 528046 4812 60696 -0.00244391 0
6200 396676 533123 5000 90725 0.00124704 0
6200 396676 532238 2427 72278 0.000305477 0
6200 210729 529251 3514 236062 -0.00273399 0
6200 210729 530279 2427 225081 0.00128542 0
6200 382500 524694 4572 536309 0.00221116 0
6200 382500 532558 3509 534073 0.000361586 0
6200 26746 533161 2427 685026 -0.00204102 0
6200 26746 532403 5717 686623 0.000315102 0
6200 26746 532628 348 689015 -0.000261773 0
6200 26746 532505 893 695001 0.00056478 0
6200 207405 525098 3509 759637 -0.00171605 0
6200 207405 527474 4278 767381 0.000565478 0
6200 207405 525972 3514 778953 3.01291e-05 0
6200 207405 532704 2427 752264 -0.00263149 0
6200 207405 532480 348 760086 -0.00270508 0
6200 207405 533344 893 774408 -0.0009285 0
6200 207405 533353 3160 777262 -0.00321355 0
6400 5372 536872 3074 1.43369e+06 -0.000751349 0
6400 5372 549049 1096 1.45027e+06 0.001524 0
6400 5372 541229 6256 1.42534e+06 0.000392231 0
6400 5372 550260 348 1.44292e+06 0.00272712 0
6400 5372 548075 3372 1.4284e+06 0.00414998 0
6400 396676 542181 5000 63262 0.00137243 0
6400 155542 538413 171 482951 0.00150252 0
6400 210729 548053 5818 217465 0.00182819 0
6400 210729 550209 2427 218174 -0.000643323 0
6400 210729 548166 3074 234161 -0.00201068 0
6400 210729 542851 1096 232679 0.0022838 0
6400 210729 548998 6256 234831 0.00208783 0
6400 210729 550523 348 228491 4.44287e-05 0
6400 210729 546685 3372 230507 -0.00312705 0
6400 210729 550056 893 223367 -0.000288293 0
6400 210729 550586 6074 220068 0.00256029 0
6400 382500 550127 3509 518114 -0.000674135 0
6400 26746 540329 5899 692673 0.000132698 0
6400 26746 549176 3074 675314 0.00116595 0
6400 26746 546546 348 671261 0.00160893 0
6400 26746 549315 893 683604 0.000950763 0
6400 26746 547498 5243 681332 0.00547814 0
6400 26746 549071 4507 695490 -0.00294327 0
6400 26746 546621 5856 676192 -0.00216716 0
6400 26746 547737 5350 693616 -0.00184136 0
6400 26746 549953 87 693770 -0.00176831 0
6400 26746 547922 5680 692510 0.00100098 0
6400 26746 550529 1092 676361 0.00061079 0
6400 26746 549108 6011 677144 0.000373213 0
6400 26746 550161 1536 686401 -0.00423557 0
6400 26746 550595 662 676585 0.00108563 0
6400 207405 547469 3509 776159 -0.00123113 0
6400 207405 542095 4278 775374 -0.00341707 0
6400 207405 548258 3514 761581 -0.00280984 0
6400 207405 547547 5818 763800 0.00182944 0
6400 207405 550517 3074 770124 -0.00150448 0
6400 207405 550156 1096 757995 0.000896725 0
6400 207405 549514 6256 743794 0.000510341 0
6400 207405 547191 348 759815 0.00188288 0
6400 207405 550316 3372 780420 0.00119128 0
6400 207405 543096 893 755324 -0.00379961 0
6400 386198 550308 3813 814760 8.10938e-06 0
6400 550507 535467 171 1.96763e+06 -0.00345665 0
6600 5372 565402 3813 1.45347e+06 -0.00282957 0
6600 343693 562668 5997 638107 -0.00399134 0
6600 343693 564972 3813 613839 -0.000813756 0
6600 396676 553179 5076 69761 0.00145553 0
6600 396676 567416 4812 86384 -0.000374423 0
6600 566762 555766 5705 989750 -0.00220953 0
6600 210729 551316 1671 231162 0.00391754 0
6600 210729 562653 4278 215478 -0.00227092 0
6600 210729 551764 2427 219072 -0.00130483 0
6600 210729 564037 5749 237789 -0.00124837 0
6600 210729 563822 3372 230352 0.00110461 0
6600 526828 567109 5899 1.79009e+06 0.00252247 0
6600 526828 567471 5692 1.77966e+06 -0.00170846 0
6600 26746 564834 1330 695063 0.000347145 0
6600 26746 558930 2933 695860 0.00170987 0
6600 26746 561008 3074 676834 -0.00557665 0
6600 26746 566194 6302 696328 8.94122e-05 0
6600 26746 565921 348 690134 0.00167712 0
6600 26746 565985 893 691302 -0.00117267 0
6600 26746 567705 5243 681734 -0.00212965 0
6600 26746 565834 4507 690087 0.00030503 0
6600 26746 562485 5856 676713 0.000611508 0
6600 26746 567605 6104 674481 0.000731963 0
6600 207405 556731 4572 779651 -0.00217953 0
6600 207405 562545 1671 772828 -0.000923368 0
6600 207405 567320 4278 762163 0.00291892 0
6600 461918 565909 3110 167893 -0.00127916 0
6600 386198 567012 171 820140 -0.00101283 0
6600 567460 557444 1671 1.34627e+06 0.00129568 0
6800 5372 583635 4278 1.42718e+06 0.00438883 0
6800 5372 573940 3514 1.44073e+06 4.37882e-05 0
6800 5372 584166 5818 1.45245e+06 0.000525111 0
6800 5372 580826 2427 1.43427e+06 -0.00239898 0
6800 5372 584947 3074 1.44399e+06 0.00304051 0
6800 5372 584837 1096 1.42954e+06 -0.00241033 0
6800 396676 569629 5076 66712 -0.000293928 0
6800 210729 578795 4278 217320 0.000732027 0
6800 210729 583164 6641 215039 0.000375637 0
6800 210729 582390 6127 233621 0.00199919 0
6800 210729 584560 2881 232557 -0.00130551 0
6800 526828 577990 3813 1.78407e+06 -0.00196328 0
6800 26746 584223 2427 684415 0.00182223 0
6800 26746 583574 3074 669892 0.00306358 0
6800 26746 575017 1096 671302 -0.000465945 0
6800 26746 581000 6018 685435 -0.000415582 0
6800 26746 582933 348 680376 0.00051387 0
6800 26746 573104 3372 681131 -0.000655398 0
6800 26746 579841 6421 677158 -0.00221836 0
6800 26746 584988 6197 685423 0.000345926 0
6800 26746 580169 893 671418 0.000977715 0
6800 26746 582392 5243 691783 0.00241267 0
6800 26746 584393 3660 685708 0.000218426 0
6800 26746 584966 5053 688668 0.000402303 0
6800 26746 584853 5856 676866 -0.00139594 0
6800 26746 584827 1092 677197 0.000246808 0
6800 26746 585004 662 680718 0.000197829 0
6800 26746 585009 1297 695907 -0.00184686 0
6800 26746 585054 6774 689616 -0.000460846 0
6800 207405 582701 4278 754980 0.00146557 0
6800 207405 584306 3514 744756 0.00125899 0
6800 207405 577395 5818 762621 -0.000102696 0
6800 207405 582133 2427 770743 0.00112204 0
6800 550612 581912 6718 761618 -3.97954e-05 0
6800 386198 584022 4572 815666 0.00135746 0
6800 570155 580021 4967 1.44403e+06 0.00086065 0
7000 5372 600922 2881 1.4443e+06 -0.00523588 0
7000 5372 601168 2427 1.45465e+06 0.000717176 0
7000 5372 601262 3074 1.4463e+06 0.00097251 0
7000 5372 597570 2152 1.44148e+06 0.00105726 0
7000 5372 602133 6655 1.45675e+06 -0.00206244 0
7000 210729 600876 1671 229826 -0.000428783 0
7000 210729 601295 4278 237989 0.00094896 0
7000 210729 598310 6485 216323 0.00255281 0
7000 207405 599889 5997 777499 0.000580078 0
7000 207405 602234 3509 759185 0.000945221 0
7000 461918 597765 5997 165022 0.000750159 0
7000 599656 591961 3110 126251 -0.00154817 0
7200 5372 615424 3509 1.44092e+06 -0.00499462 0
7200 5372 618845 6488 1.42708e+06 0.00304325 0
7200 5372 619004 6825 1.42195e+06 0.00159237 0
7200 396676 613648 4812 71852 -0.000810082 0
7200 396676 618930 5000 72490 0.000512692 0
7200 396676 616414 5712 88610 0.00365879 0
7200 396676 619153 6256 60537 0.000950588 0
7200 210729 619147 6488 221100 0.00261801 0
7200 210729 619002 6825 225091 -0.00142112 0
7200 210729 608536 1671 225400 0.0014495 0
7200 210729 614972 4278 223123 0.00282507 0
7200 210729 614466 5692 226312 0.00073137 0
7200 210729 619118 5712 229478 0.00127936 0
7200 210729 619239 2881 228637 0.00363314 0
7200 526828 618588 3509 1.77946e+06 -0.000591803 0
7200 526828 618803 1671 1.77871e+06 -0.000363855 0
7200 526828 618854 4278 1.76604e+06 -0.00053418 0
7200 207405 609585 5915 766735 0.00156093 0
7200 207405 619241 171 770501 0.00161584 0
7200 617053 618785 6250 1.61117e+06 9.97407e-05 0
7400 5372 622637 3813 1.44168e+06 0.00256974 0
7400 5372 634954 6488 1.45574e+06 -0.00201836 0
7400 5372 633307 4278 1.44999e+06 -0.000947948 0
7400 5372 635905 3514 1.43518e+06 -0.000721463 0
7400 616128 635077 5915 141653 -0.000745351 0
7400 396676 624418 2881 51329 0.00190447 0
7400 396676 635643 1330 61086 -0.00173833 0
7400 210729 631571 3813 236289 -9.44124e-05 0
7400 210729 634847 5559 233430 0.00104543 0
7400 210729 634829 4967 217991 0.00499915 0
7400 210729 635653 6634 230287 -0.00087287 0
7400 210729 635764 4278 233042 -0.00284364 0
7400 210729 636421 5831 224347 -0.00216252 0
7400 526828 632896 171 1.78782e+06 -0.000405043 0
7400 526828 635571 4572 1.77834e+06 0.000571952 0
7400 526828 635203 3509 1.7772e+06 -1.11664e-05 0
7400 207405 636428 1996 773126 -0.00231355 0
7600 5372 648633 7159 1.4307e+06 -0.000325127 0
7600 5372 651989 4572 1.4301e+06 -0.00257402 0
7600 5372 652944 7224 1.45723e+06 -0.00215801 0
7600 5372 651346 4278 1.44028e+06 0.000237029 0
7600 5372 652614 7583 1.44798e+06 0.00453302 0
7600 5372 651456 3514 1.42761e+06 0.00154029 0
7600 5372 643382 5692 1.44848e+06 -0.000536629 0
7600 5372 653429 5831 1.44657e+06 0.000308152 0
7600 5372 651901 2427 1.42534e+06 0.000455546 0
7600 5372 653371 3074 1.43284e+06 -0.000928893 0
7600 5372 652422 348 1.42379e+06 -0.00292576 0
7600 5372 653754 3372 1.44462e+06 0.00174585 0
7600 616128 647033 171 144260 0.00150473 0
7600 396676 652103 5000 86885 0.00187816 0
7600 396676 646272 2427 48452 -0.00152146 0
7600 396676 652315 6616 78589 -0.00297975 0
7600 396676 652791 6256 80566 0.000781654 0
7600 396676 651408 6018 61746 -0.00110824 0
7600 396676 653720 3372 61754 -0.00431795 0
7600 396676 653638 6882 72653 -7.2098e-05 0
7600 626095 653724 7321 1.72963e+06 -0.00054439 0
7600 210729 644637 4572 231497 0.00185242 0
7600 210729 649863 3509 220129 0.00126494 0
7600 210729 648603 1671 232895 -0.00231833 0
7600 210729 651561 4278 224396 0.000168231 0
7600 210729 653479 6485 229483 1.57399e-05 0
7600 210729 650532 3514 220752 -0.00146309 0
7600 210729 653757 5692 232941 0.000119348 0
7600 612523 644919 3438 430086 0.00284052 0
7600 538575 651623 7159 1.098e+06 -0.000290697 0
7600 652776 641834 5915 1.92619e+06 -0.00282202 0
7800 5372 666082 171 1.43404e+06 0.00486697 0
7800 5372 666752 3509 1.45586e+06 -7.72218e-05 0
7800 5372 670337 4278 1.43114e+06 0.000614409 0
7800 5372 670112 3514 1.43446e+06 0.00196273 0
7800 5372 670029 5692 1.45071e+06 -0.00265618 0
7800 652511 669881 171 1.84114e+06 3.85026e-06 0
7800 652511 670967 4572 1.84805e+06 -0.00211448 0
7800 396676 668070 5000 82246 -0.00164506 0
7800 396676 670488 7793 61508 4.7928e-05 0
7800 210729 670225 3813 228152 0.00192342 0
7800 210729 659458 1671 218648 -0.00296112 0
7800 210729 670284 4278 228434 -0.000111809 0
7800 210729 670304 5692 230299 -0.000333299 0
7800 210729 669674 2881 220024 -0.000844959 0
7800 210729 670223 2427 230570 0.0026689 0
7800 210729 671063 348 235772 0.000253316 0
7800 526828 656548 3509 1.78994e+06 0.00198734 0
7800 526828 671007 4278 1.77104e+06 0.00194318 0
7800 647607 668573 5692 722413 -0.00183504 0
7800 538575 670810 4924 1.09662e+06 -0.00142067 0
8000 5372 675576 6488 1.42946e+06 -0.00117551 0
8000 5372 673798 1671 1.44125e+06 -4.12613e-05 0
8000 5372 685543 4278 1.4493e+06 -0.000762668 0
8000 5372 688079 5692 1.44833e+06 -0.000878349 0
8000 5372 681546 2427 1.44767e+06 0.001149 0
8000 5372 684087 6655 1.45589e+06 0.000590801 0
8000 5372 687661 6018 1.44822e+06 -0.000264049 0
8000 5372 688234 348 1.44871e+06 0.00114307 0
8000 5372 683448 3372 1.44326e+06 0.00262398 0
8000 5372 688083 893 1.44056e+06 -0.00459723 0
8000 5372 688278 3660 1.45654e+06 -0.000633329 0
8000 616128 686150 5076 127061 0.00383158 0
8000 396676 684351 4812 77031 0.00284329 0
8000 396676 677596 5000 75198 -0.000395378 0
8000 396676 672230 5692 68458 -0.00168732 0
8000 659853 688146 4924 564993 0.00109594 0
8000 210729 676751 4278 222328 -0.00073084 0
8000 210729 687900 5692 225989 0.00233422 0
8000 210729 688238 2881 222852 -0.00337719 0
8000 210729 688067 6655 234608 0.000156531 0
8000 210729 687507 6018 227028 0.00336159 0
8000 671328 675750 3110 164888 -0.00213274 0
8000 671328 688207 1671 187398 0.000448618 0
8000 684029 680153 4924 472791 -0.000233235 0
8000 687627 680440 4924 1.22627e+06 -0.0029375 0
8200 5372 695682 3514 1.43706e+06 -2.26512e-05 0
8200 5372 702713 5692 1.43422e+06 0.00105138 0
8200 5372 701843 5831 1.42919e+06 0.00035154 0
8200 5372 701844 2881 1.42217e+06 0.000490992 0
8200 5372 702401 6030 1.43634e+06 -0.00174344 0
8200 5372 703148 6660 1.44186e+06 -0.000176587 0
8200 5372 700381 2427 1.42861e+06 -0.00166436 0
8200 5372 697094 3074 1.45491e+06 -0.000451278 0
8200 5372 704402 6655 1.42677e+06 -0.00373426 0
8200 5372 704203 348 1.42235e+06 -0.00274006 0
8200 652511 700233 5559 1.87142e+06 0.000279942 0
8200 616128 690298 171 147668 -0.00105987 0
8200 616128 696126 3509 139989 0.00283594 0
8200 396676 705327 5692 65349 0.0011751 0
8200 396676 705344 2427 90767 -0.00189513 0
8200 210729 697770 5559 229921 -0.000842792 0
8200 210729 700739 3594 235352 0.00353786 0
8200 210729 700955 1671 222241 0.00104112 0
8200 700170 704719 3509 63161 -0.00165322 0
8400 5372 715325 3509 1.45311e+06 0.00103265 0
8400 5372 722373 5692 1.4265e+06 -0.00190078 0
8400 5372 711820 8238 1.44421e+06 0.000726419 0
8400 5372 720478 6018 1.42305e+06 -0.00104565 0
8400 5372 722100 348 1.42941e+06 0.000791486 0
8400 5372 721738 6882 1.45049e+06 0.00334618 0
8400 5372 722427 5840 1.44777e+06 -0.000854059 0
8400 652511 707147 8054 1.87665e+06 0.00189531 0
8400 652511 722393 3509 1.8755e+06 0.00152207 0
8400 652511 722159 3813 1.86861e+06 -0.000378273 0
8400 396676 720775 3509 53948 -0.00234048 0
8400 396676 720300 4812 53191 0.000345002 0
8400 396676 721584 5000 93532 -0.00156733 0
8400 396676 721307 5692 48703 0.00181652 0
8400 659853 721495 4924 549296 0.000498237 0
8400 659853 722430 171 560698 0.00305984 0
8400 210729 713230 5692 220893 0.00310104 0
8400 210729 718835 5831 235472 -0.00198457 0
8400 210729 716744 5712 237493 0.000964995 0
8400 210729 722417 2881 228266 0.000223175 0
8400 655761 719376 6250 1.9329e+06 0.00123951 0
8600 5372 735400 2427 1.43465e+06 0.00165138 0
8600 5372 737778 3074 1.44519e+06 0.0013913 0
8600 5372 737383 7844 1.45098e+06 0.00011493 0
8600 5372 738643 348 1.42485e+06 0.00048443 0
8600 5372 738904 3372 1.43107e+06 -0.00150913 0
8600 5372 738632 893 1.43671e+06 -3.21806e-05 0
8600 5372 739374 3160 1.44631e+06 0.00196128 0
8600 5372 738979 1516 1.45005e+06 0.00263344 0
8600 652511 738733 3509 1.86897e+06 -0.00200923 0
8600 616128 739432 7629 128997 -0.00164976 0
8600 396676 725754 3509 61886 0.00206284 0
8600 396676 739269 4812 80820 -0.00291204 0
8600 659853 738750 4572 554140 0.000311277 0
8600 659853 739214 3509 571035 -0.00411955 0
8600 659853 739581 3813 549125 0.00039456 0
8600 210729 724297 3813 218295 -0.000429553 0
8600 210729 734275 4278 219689 -0.0032989 0
8600 210729 739026 3514 229603 0.00211022 0
8600 210729 739553 5692 222495 -0.00216319 0
8600 210729 727149 2881 228965 0.00156787 0
8600 210729 729163 6030 216890 -0.000454833 0
8600 210729 739535 6660 232128 -0.00243187 0
8600 210729 739582 2427 233329 -0.000310813 0
8600 655761 739463 4924 1.93155e+06 0.000331577 0
8600 704990 739162 6250 635986 -0.00165394 0
8600 700170 739241 5559 77957 0.00151395 0
8600 718344 736480 8058 922631 -0.0010001 0
8800 5372 752924 7962 1.42554e+06 0.00187389 0
8800 5372 754158 5692 1.45326e+06 -0.00184636 0
8800 5372 753995 2881 1.44274e+06 0.00133211 0
8800 5372 744553 2427 1.45286e+06 -0.00104333 0
8800 5372 755263 8747 1.42438e+06 0.000574785 0
8800 5372 753129 6655 1.44705e+06 0.000461163 0
8800 5372 744960 3372 1.42574e+06 -6.24692e-05 0
8800 5372 751954 6882 1.44178e+06 0.00185284 0
8800 5372 756466 893 1.42985e+06 0.000835502 0
8800 5372 747939 4507 1.45687e+06 0.000587986 0
8800 5372 750061 5053 1.43026e+06 0.00066474 0
8800 5372 756793 5856 1.45073e+06 -7.04087e-05 0
8800 5372 756608 87 1.42995e+06 0.00131508 0
8800 652511 756088 3813 1.86324e+06 0.00129978 0
8800 652511 756606 4278 1.87679e+06 0.00121459 0
8800 652511 756405 7902 1.84848e+06 0.00295995 0
8800 396676 756841 5692 48854 -0.000382143 0
8800 724469 754940 5701 636910 0.00324767 0
8800 724469 751548 171 622302 2.40825e-05 0
8800 724469 756609 3509 641907 -0.0021557 0
8800 714626 749777 3509 1.88841e+06 0.0026528 0
8800 659853 748249 5997 537194 0.00151228 0
8800 210729 756754 4278 217791 0.00462823 0
8800 210729 753631 7902 232269 0.00365189 0
8800 210729 756868 3514 232603 -0.000900087 0
8800 210729 756640 5692 227393 -0.00256521 0
8800 526828 755645 3509 1.76605e+06 -0.00114622 0
8800 655761 756769 5701 1.9303e+06 0.000422731 0
8800 710545 756860 5915 1.53709e+06 -0.00156458 0
8800 756528 741153 4924 836141 0.00102888 0
9000 5372 761504 7629 1.44025e+06 -0.00379672 0
9000 5372 772434 4967 1.4503e+06 0.000518766 0
9000 5372 764493 5692 1.44997e+06 -0.00165381 0
9000 5372 773895 2881 1.42523e+06 -0.00154395 0
9000 5372 772143 7798 1.43857e+06 -0.00279182 0
9000 5372 774074 7530 1.44392e+06 -0.00285084 0
9000 5372 774012 8458 1.42665e+06 0.00159808 0
9000 5372 773882 6018 1.43822e+06 -0.000896839 0
9000 5372 773377 348 1.4283e+06 -0.00280954 0
9000 5372 772246 1092 1.45332e+06 -0.000871205 0
9000 652511 767570 7221 1.85015e+06 -0.00299096 0
9000 652511 768173 3509 1.84543e+06 -0.00213949 0
9000 616128 773258 171 141281 0.000123211 0
9000 616128 772759 5997 132995 0.00197003 0
9000 616128 773527 7221 129231 0.000658218 0
9000 616128 773986 8679 142593 -0.00160941 0
9000 396676 769909 5000 93142 0.00086679 0
9000 210729 773839 6488 219245 0.0019086 0
9000 210729 769365 4967 227735 0.00033172 0
9000 210729 772016 6634 221243 0.00271055 0
9000 210729 773614 4278 237475 0.00104192 0
9000 210729 774001 5692 224847 -0.00289368 0
9000 210729 774211 2427 232332 0.00116528 0
9000 210729 773359 348 226510 0.00076476 0
9000 704990 772323 8875 637161 -0.00327045 0
9000 538575 770860 171 1.09784e+06 -0.00311081 0
9000 710545 770754 8515 1.51726e+06 -0.00167895 0
9200 733855 781156 8262 905685 0.00022924 0
9200 5372 791395 6488 1.4557e+06 0.00129132 0
9200 5372 775191 5712 1.4259e+06 0.00200478 0
9200 5372 790817 7996 1.42271e+06 0.0024926 0
9200 5372 791548 6030 1.4557e+06 -0.000816844 0
9200 5372 783083 6660 1.45651e+06 -0.00160644 0
9200 5372 790898 2427 1.4511e+06 0.0018391 0
9200 5372 791484 3074 1.44397e+06 -0.00337124 0
9200 5372 790881 8282 1.45445e+06 -0.00110546 0
9200 5372 791139 348 1.45038e+06 -0.00156779 0
9200 5372 791606 3372 1.45056e+06 -0.00119547 0
9200 789094 779448 8495 1.93678e+06 0.00177117 0
9200 210729 782798 8926 223728 -0.00220317 0
9200 210729 791158 3509 224933 -0.00208434 0
9200 210729 791350 6488 222342 0.00422313 0
9200 210729 791497 4967 231517 0.00167221 0
9200 782673 790858 171 463351 -0.000236168 0
9200 700170 780359 5559 65588 0.00117668 0
9200 710545 774456 5997 1.52979e+06 0.000222003 0
9200 759589 790789 2881 674832 0.00211397 0
9200 759589 791582 6030 668679 0.00132414 0
9400 5372 804026 7221 1.44711e+06 0.00119473 0
9400 5372 806866 6488 1.4305e+06 -0.000765777 0
9400 5372 803404 4278 1.44917e+06 -0.0013266 0
9400 5372 806770 5692 1.44609e+06 -0.00412905 0
9400 5372 796934 5712 1.44262e+06 -0.00333159 0
9400 5372 802762 2881 1.42240e+06 -0.00176387 0
9400 5372 808110 7798 1.42626e+06 -0.00142498 0
9400 5372 808654 2427 1.43611e+06 0.00119696 0
9400 652511 803385 3509 1.84116e+06 -0.000371824 0
9400 652511 805512 3813 1.86731e+06 0.000671367 0
9400 652511 808720 6488 1.86719e+06 0.0011466 0
9400 652511 800190 4278 1.87206e+06 -0.00180518 0
9400 616128 806340 4572 137359 0.00361775 0
9400 714626 808396 3509 1.88786e+06 -0.000823208 0
9400 210729 798591 3509 229929 0.00101069 0
9400 210729 808052 6488 215251 0.00120634 0
9400 210729 808575 4278 228380 0.003907 0
9400 210729 807957 7902 226323 -0.00123239 0
9400 526828 799955 4572 1.78212e+06 -0.00369548 0
9400 700170 802962 3813 75830 -0.00483111 0
9400 710545 807398 3509 1.54208e+06 0.00119608 0
9400 794719 795339 5701 313815 0.00254113 0
9400 794719 801887 7629 314093 0.00590092 0
9400 808098 793473 8495 555666 -0.000418252 0
9600 5372 816816 171 1.44756e+06 0.00217748 0
9600 5372 820537 3813 1.42715e+06 0.00505144 0
9600 5372 824999 7902 1.43869e+06 -0.000221782 0
9600 5372 825728 5692 1.42444e+06 0.000236879 0
9600 5372 826132 7798 1.42689e+06 0.000276984 0
9600 5372 819897 9509 1.43638e+06 -0.002892 0
9600 5372 825179 6030 1.43262e+06 -0.000439721 0
9600 5372 825145 6660 1.43909e+06 -0.00210772 0
9600 5372 826082 2427 1.45774e+06 0.00211079 0
9600 652511 818609 4924 1.84168e+06 0.00027607 0
9600 652511 819412 171 1.84944e+06 -0.000884693 0
9600 652511 813242 3813 1.878e+06 0.0022955 0
9600 652511 823565 6488 1.87463e+06 -0.000906746 0
9600 652511 826158 7902 1.84893e+06 0.00086597 0
9600 616128 825055 5915 125388 -0.00262229 0
9600 792779 824234 3813 350296 0.00115273 0
9600 792779 825545 6488 335931 0.00201101 0
9600 792779 825327 4278 348306 0.000841597 0
9600 210729 820155 6488 235268 -0.0020071 0
9600 210729 825732 4967 215433 0.000452702 0
9600 526828 826071 5701 1.77170e+06 -0.000768801 0
9600 526828 826146 4572 1.78185e+06 -0.000549414 0
9600 526828 825875 3509 1.76706e+06 -0.000291331 0
9600 704990 824892 4924 624011 0.000722039 0
9600 704990 811215 171 624604 -0.00216369 0
9600 700170 823758 3509 79225 -0.000272046 0
9600 700170 825561 3813 72291 0.0019626 0
9600 814343 824959 3509 1.97835e+06 -0.00191899 0
9600 826202 817955 171 1.96298e+06 -0.00154398 0
9800 5372 831750 5701 1.42327e+06 -0.00306912 0
9800 5372 827964 8692 1.45406e+06 0.000494833 0
9800 5372 834668 3509 1.43727e+06 -0.00184031 0
9800 5372 835911 4967 1.43573e+06 -0.000982189 0
9800 5372 840162 4278 1.44879e+06 0.00121476 0
9800 5372 834970 7902 1.42852e+06 0.00121867 0
9800 5372 840819 5692 1.45085e+06 0.00089451 0
9800 5372 840632 5712 1.42853e+06 -0.00190411 0
9800 5372 843314 2881 1.44367e+06 0.00296988 0
9800 5372 843345 7798 1.44587e+06 -0.00458596 0
9800 5372 841888 6030 1.45607e+06 -0.000631501 0
9800 5372 843367 6660 1.45638e+06 0.00103799 0
9800 652511 832202 3509 1.87664e+06 -0.00332728 0
9800 822255 839188 171 738335 0.00297691 0
9800 210729 829340 3813 237104 -0.00164269 0
9800 210729 836233 6488 226042 0.00245258 0
9800 210729 841633 5559 236690 0.00282632 0
9800 210729 838822 4967 225344 -0.0013694 0
9800 210729 842941 4278 223481 -0.0009701 0
9800 210729 843356 7902 215629 -0.000922394 0
9800 210729 842411 5692 223478 0.00418567 0
9800 210729 843376 5712 215712 -0.000565827 0
9800 210729 843295 2881 215813 -0.000576388 0
9800 210729 843036 7798 226991 -0.000272642 0
9800 526828 829327 171 1.7841e+06 -0.00198796 0
9800 526828 834511 8692 1.77007e+06 -0.000210539 0
9800 526828 842819 3509 1.76809e+06 -0.000658537 0
9800 526828 843292 3813 1.77036e+06 -0.000991246 0
9800 831731 843275 9347 548964 0.000185374 0
9800 814343 842336 5701 1.97361e+06 0.000880331 0
10000 828182 850981 4924 448187 -0.0011689 0
10000 5372 848483 7629 1.42404e+06 1.23122e-05 0
10000 5372 845658 5559 1.44031e+06 0.000309433 0
10000 5372 848570 4967 1.45233e+06 -0.00118379 0
10000 5372 852086 4278 1.4461e+06 -0.0030892 0
10000 5372 855448 7902 1.42811e+06 -0.00207061 0
10000 5372 854431 3514 1.43156e+06 -0.000651343 0
10000 5372 856523 5692 1.45095e+06 -0.000575418 0
10000 5372 850304 2881 1.44305e+06 0.00210167 0
10000 5372 857599 7798 1.45727e+06 0.0022344 0
10000 5372 860145 7530 1.44231e+06 0.0040051 0
10000 5372 860380 6655 1.43508e+06 0.00229142 0
10000 5372 856225 6018 1.43422e+06 0.000347729 0
10000 5372 855484 348 1.44431e+06 0.00443956 0
10000 5372 859437 6882 1.43462e+06 0.000963838 0
10000 5372 859685 893 1.4238e+06 0.00182013 0
10000 5372 860262 9561 1.44213e+06 -0.000270724 0
10000 5372 860298 4507 1.43793e+06 -0.000550271 0
10000 652511 855972 7629 1.87836e+06 0.000212584 0
10000 652511 858896 3509 1.85563e+06 0.00268137 0
10000 792779 853557 7629 362146 -0.00236432 0
10000 792779 859923 3509 359408 0.00409904 0
10000 847235 859501 9869 1.05687e+06 -0.000958477 0
10000 210729 857302 8962 214508 0.00241438 0
10000 210729 850621 3509 228920 0.00193338 0
10000 210729 860428 4967 226768 -0.00213438 0
10000 210729 859432 4278 235835 -0.00287894 0
10000 210729 860336 7902 229951 -0.00230121 0
10000 210729 858997 5712 224526 0.00102075 0
10000 210729 857465 2881 235938 -0.000167404 0
10000 210729 859798 7798 229309 -0.00182065 0
10000 210729 853998 9793 226202 0.00302385 0
10000 210729 860200 6030 225769 -0.00413685 0
10000 210729 860024 6660 234515 0.00131055 0
10000 526828 859229 7221 1.7898e+06 -0.00232961 0
10000 526828 859379 7629 1.76871e+06 0.00301155 0
10000 526828 860356 3509 1.77443e+06 -0.0020464 0
10000 526828 859931 3813 1.78207e+06 -0.0033453 0
10000 526828 860438 5559 1.77719e+06 -0.0014495 0
10000 526828 859736 4967 1.77073e+06 0.00057897 0
10000 655761 858836 4924 1.93095e+06 0.00253785 0
10000 831731 857761 8515 523484 -0.00129828 0
10000 836514 853117 8495 68936 0.00206842 0
10000 836514 860372 3509 82525 0.000653769 0
10000 835055 857664 3813 750097 0.00299716 0
10000 835055 860069 7902 738480 -0.0013855 0
10000 835055 860386 5692 753530 -0.00294724 0
10000 844308 856561 7902 360976 0.00145717 0
10000 856691 860500 171 1.06205e+06 -0.000820142 0
10000 860516 860043 8953 1.86422e+06 -0.00020849 0
