"3385799" 99828 5467 1852749 1858215 0 0 0 0 0 0 0 0 0 0.00000204803180729932 0.0000682677269099774
"3385799" 119078 35646 1710904 1746549 0 0 0 0 0 0 0 0 0 0.00000204803180729932 0.0000682677269099774
"3385799" 125131 5383 836654 842036 0 0 0 0 0 0 0 0 0 0.00000204803180729932 0.0000682677269099774
"3385799" 128488 10808 229158 239965 0 0 0 0 0 0 0 0 0 0.00000204803180729932 0.0000682677269099774
"3385799" 131460 39720 956327 996046 0 0 0 0 0 0 0 0 0 0.00000204803180729932 0.0000682677269099774
"3385799" 132589 39223 754327 793549 0 0 0 0 0 0 0 0 0 0.00000204803180729932 0.0000682677269099774
"3385799" 133354 31850 500603 532452 0 0 0 0 0 0 0 0 0 0.00000204803180729932 0.0000682677269099774
"3385799" 135083 43094 2017677 2060770 0 0 0 0 0 0 0 0 0 0.00000204803180729932 0.0000682677269099774
"3385799" 136451 18772 1311781 1330552 0 0 0 0 0 0 0 0 0 0.00000204803180729932 0.0000682677269099774
"3385799" 137347 33156 2040475 2073630 0 0 0 0 0 0 0 0 0 0.00000204803180729932 0.0000682677269099774
"3385799" 137916 48073 1804586 1852658 0 0 0 0 0 0 0 0 0 0.00000204803180729932 0.0000682677269099774
"3385799" 138626 5936 1378275 1384210 0 0 0 0 0 0 0 0 0 0.00000204803180729932 0.0000682677269099774
"3385799" 138810 6297 216267 222563 0 0 0 0 0 0 0 0 0 0.00000204803180729932 0.0000682677269099774
"3385799" 140441 25123 249787 274909 0 0 0 0 0 0 0 0 0 0.00000204803180729932 0.0000682677269099774
"3385799" 140536 27553 60428 87980 0 0 0 0 0 0 0 0 0 0.00000204803180729932 0.0000682677269099774
"3385799" 140911 17889 871250 889138 0 0 0 0 0 0 0 0 0 0.00000204803180729932 0.0000682677269099774
"3385799" 141082 4872 593060 597931 0 0 0 0 0 0 0 0 0 0.00000204803180729932 0.0000682677269099774
"3385799" 141361 41818 944746 986563 0 0 0 0 0 0 0 0 0 0.00000204803180729932 0.0000682677269099774
"3385799" 141577 12103 1084887 1096989 0 0 0 0 0 0 0 0 0 0.00000204803180729932 0.0000682677269099774
"3385799" 141613 40140 1941669 1981808 0 0 0 0 0 0 0 0 0 0.00000204803180729932 0.0000682677269099774
"3385799" 141710 42256 1525654 1567909 0 0 0 0 0 0 0 0 0 0.00000204803180729932 0.0000682677269099774
"3385533" 224844 16090 216328 232417 0 0 0 0 0 0 0 0 0.0000112322950948567 0.0000029952786919618 0.0000434627692927264
"3385533" 310065 29681 216589 246269 1 0.0000336915872106735 0.0000336915872106735 7.16630146162421 0.000241444070672289 1 1 1 0.0000112322950948567 0.0000029952786919618 0.0000434627692927264
"3385533" 438439 30685 1350368 1381052 0 0 0 0 0 0 0 0 0.0000112322950948567 0.0000029952786919618 0.0000434627692927264
"3385533" 442499 43519 529112 572630 1 0.0000229784691743836 0 0.000191935666407609 0.00000000441038779401202 1 0 0 0.0000112322950948567 0.0000029952786919618 0.0000434627692927264
"3385533" 453682 20551 950405 970955 0 0 0 0 0 0 0 0 0.0000112322950948567 0.0000029952786919618 0.0000434627692927264
"3385533" 494729 32238 109094 141331 0 0 0 0 0 0 0 0 0.0000112322950948567 0.0000029952786919618 0.0000434627692927264
"3385533" 515750 43452 1825040 1868491 1 0.0000230139003958391 0.0000230139003958391 0.658401342692368 0.0000151523829212089 1 1 0 0.0000112322950948567 0.0000029952786919618 0.0000434627692927264
"3385533" 517797 39213 720389 759601 0 0 0 0 0 0 0 0 0.0000112322950948567 0.0000029952786919618 0.0000434627692927264
"3385533" 536926 48511 139474 187984 0 0 0 0 0 0 0 0 0.0000112322950948567 0.0000029952786919618 0.0000434627692927264
"3385533" 542198 8085 1141395 1149479 0 0 0 0 0 0 0 0 0.0000112322950948567 0.0000029952786919618 0.0000434627692927264
"3385533" 551437 41580 1923452 1965031 1 0.000024050024050024 0 0.154344594306077 0.00000371199120505236 1 0 0 0.0000112322950948567 0.0000029952786919618 0.0000434627692927264
"3385533" 553723 34409 1541821 1576229 0 0 0 0 0 0 0 0 0.0000112322950948567 0.0000029952786919618 0.0000434627692927264
"3385533" 561972 15014 18645 33658 0 0 0 0 0 0 0 0 0.0000112322950948567 0.0000029952786919618 0.0000434627692927264
"3385533" 572325 37884 1322619 1360502 0 0 0 0 0 0 0 0 0.0000112322950948567 0.0000029952786919618 0.0000434627692927264
"3385533" 574158 3249 1631233 1634481 0 0 0 0 0 0 0 0 0.0000112322950948567 0.0000029952786919618 0.0000434627692927264
"3385533" 587472 33357 351110 384466 0 0 0 0 0 0 0 0 0.0000112322950948567 0.0000029952786919618 0.0000434627692927264
"3385533" 590101 12138 470128 482265 0 0 0 0 0 0 0 0 0.0000112322950948567 0.0000029952786919618 0.0000434627692927264
"3385533" 591892 28052 934632 962683 0 0 0 0 0 0 0 0 0.0000112322950948567 0.0000029952786919618 0.0000434627692927264
"3385533" 595039 977 2047580 2048556 0 0 0 0 0 0 0 0 0.0000112322950948567 0.0000029952786919618 0.0000434627692927264
"3385533" 596242 116 172077 172192 0 0 0 0 0 0 0 0 0.0000112322950948567 0.0000029952786919618 0.0000434627692927264
"3385533" 597601 31149 601947 633095 0 0 0 0 0 0 0 0 0.0000112322950948567 0.0000029952786919618 0.0000434627692927264
"3385533" 599052 19747 2076252 2095998 2 0.000101281207271991 0 0 0 1 0 0 0.0000112322950948567 0.0000029952786919618 0.0000434627692927264
"3385533" 600263 23560 1455939 1479498 1 0.0000424448217317487 0 0.110705979014261 0.00000469889554389901 1 0 0 0.0000112322950948567 0.0000029952786919618 0.0000434627692927264
"3385533" 602474 28695 401909 430603 1 0.0000348492768775048 0.0000348492768775048 33.8683513762646 0.00118028755449606 1 1 1 0.0000112322950948567 0.0000029952786919618 0.0000434627692927264
"3385533" 603753 42613 1529522 1572134 0 0 0 0 0 0 0 0 0.0000112322950948567 0.0000029952786919618 0.0000434627692927264
"3385533" 224844 16090 216328 232417 0 0 0 0 0 0 0 0 0.0000112322950948567 0.0000029952786919618 0.0000434627692927264
"3385533" 310065 29681 216589 246269 1 0.0000336915872106735 0.0000336915872106735 7.16630146162421 0.000241444070672289 1 1 1 0.0000112322950948567 0.0000029952786919618 0.0000434627692927264
"3385533" 438439 30685 1350368 1381052 0 0 0 0 0 0 0 0 0.0000112322950948567 0.0000029952786919618 0.0000434627692927264
"3385533" 442499 43519 529112 572630 1 0.0000229784691743836 0 0.000191935666407609 0.00000000441038779401202 1 0 0 0.0000112322950948567 0.0000029952786919618 0.0000434627692927264
"3385533" 453682 20551 950405 970955 0 0 0 0 0 0 0 0 0.0000112322950948567 0.0000029952786919618 0.0000434627692927264
"3385533" 494729 32238 109094 141331 0 0 0 0 0 0 0 0 0.0000112322950948567 0.0000029952786919618 0.0000434627692927264
"3385533" 515750 43452 1825040 1868491 1 0.0000230139003958391 0.0000230139003958391 0.658401342692368 0.0000151523829212089 1 1 0 0.0000112322950948567 0.0000029952786919618 0.0000434627692927264
"3385533" 517797 39213 720389 759601 0 0 0 0 0 0 0 0 0.0000112322950948567 0.0000029952786919618 0.0000434627692927264
"3385533" 536926 48511 139474 187984 0 0 0 0 0 0 0 0 0.0000112322950948567 0.0000029952786919618 0.0000434627692927264
"3385533" 542198 8085 1141395 1149479 0 0 0 0 0 0 0 0 0.0000112322950948567 0.0000029952786919618 0.0000434627692927264
"3385533" 551437 41580 1923452 1965031 1 0.000024050024050024 0 0.154344594306077 0.00000371199120505236 1 0 0 0.0000112322950948567 0.0000029952786919618 0.0000434627692927264
"3385533" 553723 34409 1541821 1576229 0 0 0 0 0 0 0 0 0.0000112322950948567 0.0000029952786919618 0.0000434627692927264
"3385533" 561972 15014 18645 33658 0 0 0 0 0 0 0 0 0.0000112322950948567 0.0000029952786919618 0.0000434627692927264
"3385533" 572325 37884 1322619 1360502 0 0 0 0 0 0 0 0 0.0000112322950948567 0.0000029952786919618 0.0000434627692927264
"3385533" 574158 3249 1631233 1634481 0 0 0 0 0 0 0 0 0.0000112322950948567 0.0000029952786919618 0.0000434627692927264
"3385533" 587472 33357 351110 384466 0 0 0 0 0 0 0 0 0.0000112322950948567 0.0000029952786919618 0.0000434627692927264
"3385533" 590101 12138 470128 482265 0 0 0 0 0 0 0 0 0.0000112322950948567 0.0000029952786919618 0.0000434627692927264
"3385533" 591892 28052 934632 962683 0 0 0 0 0 0 0 0 0.0000112322950948567 0.0000029952786919618 0.0000434627692927264
"3385533" 595039 977 2047580 2048556 0 0 0 0 0 0 0 0 0.0000112322950948567 0.0000029952786919618 0.0000434627692927264
"3385533" 596242 116 172077 172192 0 0 0 0 0 0 0 0 0.0000112322950948567 0.0000029952786919618 0.0000434627692927264
"3385533" 597601 31149 601947 633095 0 0 0 0 0 0 0 0 0.0000112322950948567 0.0000029952786919618 0.0000434627692927264
"3385533" 599052 19747 2076252 2095998 2 0.000101281207271991 0 0 0 1 0 0 0.0000112322950948567 0.0000029952786919618 0.0000434627692927264
"3385533" 600263 23560 1455939 1479498 1 0.0000424448217317487 0 0.110705979014261 0.00000469889554389901 1 0 0 0.0000112322950948567 0.0000029952786919618 0.0000434627692927264
"3385533" 602474 28695 401909 430603 1 0.0000348492768775048 0.0000348492768775048 33.8683513762646 0.00118028755449606 1 1 1 0.0000112322950948567 0.0000029952786919618 0.0000434627692927264
"3385533" 603753 42613 1529522 1572134 0 0 0 0 0 0 0 0 0.0000112322950948567 0.0000029952786919618 0.0000434627692927264
"3385533" 224844 16090 216328 232417 0 0 0 0 0 0 0 0 0.0000112322950948567 0.0000029952786919618 0.0000434627692927264
"3385533" 310065 29681 216589 246269 1 0.0000336915872106735 0.0000336915872106735 7.16630146162421 0.000241444070672289 1 1 1 0.0000112322950948567 0.0000029952786919618 0.0000434627692927264
"3385533" 438439 30685 1350368 1381052 0 0 0 0 0 0 0 0 0.0000112322950948567 0.0000029952786919618 0.0000434627692927264
"3385533" 442499 43519 529112 572630 1 0.0000229784691743836 0 0.000191935666407609 0.00000000441038779401202 1 0 0 0.0000112322950948567 0.0000029952786919618 0.0000434627692927264
"3385533" 453682 20551 950405 970955 0 0 0 0 0 0 0 0 0.0000112322950948567 0.0000029952786919618 0.0000434627692927264
"3385533" 494729 32238 109094 141331 0 0 0 0 0 0 0 0 0.0000112322950948567 0.0000029952786919618 0.0000434627692927264
"3385533" 515750 43452 1825040 1868491 1 0.0000230139003958391 0.0000230139003958391 0.658401342692368 0.0000151523829212089 1 1 0 0.0000112322950948567 0.0000029952786919618 0.0000434627692927264
"3385533" 517797 39213 720389 759601 0 0 0 0 0 0 0 0 0.0000112322950948567 0.0000029952786919618 0.0000434627692927264
"3385533" 536926 48511 139474 187984 0 0 0 0 0 0 0 0 0.0000112322950948567 0.0000029952786919618 0.0000434627692927264
"3385533" 542198 8085 1141395 1149479 0 0 0 0 0 0 0 0 0.0000112322950948567 0.0000029952786919618 0.0000434627692927264
"3385533" 551437 41580 1923452 1965031 1 0.000024050024050024 0 0.154344594306077 0.00000371199120505236 1 0 0 0.0000112322950948567 0.0000029952786919618 0.0000434627692927264
"3385533" 553723 34409 1541821 1576229 0 0 0 0 0 0 0 0 0.0000112322950948567 0.0000029952786919618 0.0000434627692927264
"3385533" 561972 15014 18645 33658 0 0 0 0 0 0 0 0 0.0000112322950948567 0.0000029952786919618 0.0000434627692927264
"3385533" 572325 37884 1322619 1360502 0 0 0 0 0 0 0 0 0.0000112322950948567 0.0000029952786919618 0.0000434627692927264
"3385533" 574158 3249 1631233 1634481 0 0 0 0 0 0 0 0 0.0000112322950948567 0.0000029952786919618 0.0000434627692927264
"3385533" 587472 33357 351110 384466 0 0 0 0 0 0 0 0 0.0000112322950948567 0.0000029952786919618 0.0000434627692927264
"3385533" 590101 12138 470128 482265 0 0 0 0 0 0 0 0 0.0000112322950948567 0.0000029952786919618 0.0000434627692927264
"3385533" 591892 28052 934632 962683 0 0 0 0 0 0 0 0 0.0000112322950948567 0.0000029952786919618 0.0000434627692927264
"3385533" 595039 977 2047580 2048556 0 0 0 0 0 0 0 0 0.0000112322950948567 0.0000029952786919618 0.0000434627692927264
"3385533" 596242 116 172077 172192 0 0 0 0 0 0 0 0 0.0000112322950948567 0.0000029952786919618 0.0000434627692927264
"3385533" 597601 31149 601947 633095 0 0 0 0 0 0 0 0 0.0000112322950948567 0.0000029952786919618 0.0000434627692927264
"3385533" 599052 19747 2076252 2095998 2 0.000101281207271991 0 0 0 1 0 0 0.0000112322950948567 0.0000029952786919618 0.0000434627692927264
"3385533" 600263 23560 1455939 1479498 1 0.0000424448217317487 0 0.110705979014261 0.00000469889554389901 1 0 0 0.0000112322950948567 0.0000029952786919618 0.0000434627692927264
"3385533" 602474 28695 401909 430603 1 0.0000348492768775048 0.0000348492768775048 33.8683513762646 0.00118028755449606 1 1 1 0.0000112322950948567 0.0000029952786919618 0.0000434627692927264
"3385533" 603753 42613 1529522 1572134 0 0 0 0 0 0 0 0 0.0000112322950948567 0.0000029952786919618 0.0000434627692927264
"3385797" 99114 33307 424147 457453 1 0.0000300237187378029 0.0000300237187378029 30.1497573783839 0.000905207835541594 1 1 1 0.00000329776147950771 0.00000197865688770463 0.0000460685271393116
"3385797" 110938 38967 453956 492922 0 0 0 0 0 0 0 0 0.00000329776147950771 0.00000197865688770463 0.0000460685271393116
"3385797" 117848 29213 746490 775702 1 0.0000342313353643926 0 0.00206314353465721 0.0000000706241582397293 1 0 0 0.00000329776147950771 0.00000197865688770463 0.0000460685271393116
"3385797" 121283 44530 815200 859729 0 0 0 0 0 0 0 0 0.00000329776147950771 0.00000197865688770463 0.0000460685271393116
"3385797" 130895 37278 1521797 1559074 0 0 0 0 0 0 0 0 0.00000329776147950771 0.00000197865688770463 0.0000460685271393116
"3385797" 131051 11357 1331398 1342754 0 0 0 0 0 0 0 0 0.00000329776147950771 0.00000197865688770463 0.0000460685271393116
"3385797" 135484 44067 1032619 1076685 0 0 0 0 0 0 0 0 0.00000329776147950771 0.00000197865688770463 0.0000460685271393116
"3385797" 139416 26306 152442 178747 0 0 0 0 0 0 0 0 0.00000329776147950771 0.00000197865688770463 0.0000460685271393116
"3385797" 140186 23593 1071541 1095133 0 0 0 0 0 0 0 0 0.00000329776147950771 0.00000197865688770463 0.0000460685271393116
"3385797" 141193 2979 729060 732038 0 0 0 0 0 0 0 0 0.00000329776147950771 0.00000197865688770463 0.0000460685271393116
"3385797" 141271 32991 29633 62623 0 0 0 0 0 0 0 0 0.00000329776147950771 0.00000197865688770463 0.0000460685271393116
"3385797" 141604 37705 1519896 1557600 0 0 0 0 0 0 0 0 0.00000329776147950771 0.00000197865688770463 0.0000460685271393116
"3385797" 141716 26208 1109835 1136042 0 0 0 0 0 0 0 0 0.00000329776147950771 0.00000197865688770463 0.0000460685271393116
"3385797" 141950 23618 8780 32397 0 0 0 0 0 0 0 0 0.00000329776147950771 0.00000197865688770463 0.0000460685271393116
"3385797" 142438 25618 124358 149975 0 0 0 0 0 0 0 0 0.00000329776147950771 0.00000197865688770463 0.0000460685271393116
"3385797" 142562 37176 1508297 1545472 0 0 0 0 0 0 0 0 0.00000329776147950771 0.00000197865688770463 0.0000460685271393116
"3385797" 142699 8907 2086289 2095195 0 0 0 0 0 0 0 0 0.00000329776147950771 0.00000197865688770463 0.0000460685271393116
"3385791" 24078 11681 387939 399619 1 0.0000856091088091773 0.0000856091088091773 23.7933011028579 0.00203692330304408 1 1 1 0.0000026020728112014 0.00000715570023080386 0.0000398387126900091
"3385791" 108954 3395 439177 442571 0 0 0 0 0 0 0 0 0.0000026020728112014 0.00000715570023080386 0.0000398387126900091
"3385791" 110026 26912 1303908 1330819 0 0 0 0 0 0 0 0 0.0000026020728112014 0.00000715570023080386 0.0000398387126900091
"3385791" 111609 722 300329 301050 0 0 0 0 0 0 0 0 0.0000026020728112014 0.00000715570023080386 0.0000398387126900091
"3385791" 115022 18359 521971 540329 0 0 0 0 0 0 0 0 0.0000026020728112014 0.00000715570023080386 0.0000398387126900091
"3385791" 125314 19422 1131052 1150473 0 0 0 0 0 0 0 0 0.0000026020728112014 0.00000715570023080386 0.0000398387126900091
"3385791" 133354 20232 1332809 1353040 0 0 0 0 0 0 0 0 0.0000026020728112014 0.00000715570023080386 0.0000398387126900091
"3385791" 135354 21098 1071852 1092949 0 0 0 0 0 0 0 0 0.0000026020728112014 0.00000715570023080386 0.0000398387126900091
"3385791" 138048 21351 1872229 1893579 1 0.0000468362137604796 0.0000468362137604796 14.9651955564033 0.000700913098047084 1 1 1 0.0000026020728112014 0.00000715570023080386 0.0000398387126900091
"3385791" 138135 28851 815942 844792 0 0 0 0 0 0 0 0 0.0000026020728112014 0.00000715570023080386 0.0000398387126900091
"3385791" 138284 20064 252053 272116 0 0 0 0 0 0 0 0 0.0000026020728112014 0.00000715570023080386 0.0000398387126900091
"3385791" 138679 36300 921922 958221 0 0 0 0 0 0 0 0 0.0000026020728112014 0.00000715570023080386 0.0000398387126900091
"3385791" 139200 28402 864570 892971 0 0 0 0 0 0 0 0 0.0000026020728112014 0.00000715570023080386 0.0000398387126900091
"3385791" 139694 43566 1628648 1672213 0 0 0 0 0 0 0 0 0.0000026020728112014 0.00000715570023080386 0.0000398387126900091
"3385791" 140030 40077 614145 654221 0 0 0 0 0 0 0 0 0.0000026020728112014 0.00000715570023080386 0.0000398387126900091
"3385791" 140128 30101 1613570 1643670 0 0 0 0 0 0 0 0 0.0000026020728112014 0.00000715570023080386 0.0000398387126900091
"3385791" 140867 46395 1836412 1882806 1 0.0000215540467722815 0.0000215540467722815 14.9651955564033 0.000322560524979056 1 1 1 0.0000026020728112014 0.00000715570023080386 0.0000398387126900091
"3385791" 140986 45836 1827270 1873105 0 0 0 0 0 0 0 0 0.0000026020728112014 0.00000715570023080386 0.0000398387126900091
"3385586" 150212 30787 1945950 1976736 4 0.000129924968330789 0.000129924968330789 15.2030487262757 0.000493813906073202 1 1 1 0.00000543599717328147 0.00000362399811552098 0.0000497858294643709
"3385586" 354651 7113 920099 927211 0 0 0 0 0 0 0 0 0.00000543599717328147 0.00000362399811552098 0.0000497858294643709
"3385586" 437661 11372 660792 672163 1 0 0 0.966994584990658 0.0000850329392359003 0 0 1 0.00000543599717328147 0.00000362399811552098 0.0000497858294643709
"3385586" 574646 44554 446568 491121 0 0 0 0 0 0 0 0 0.00000543599717328147 0.00000362399811552098 0.0000497858294643709
"3385586" 580613 26266 1270701 1296966 0 0 0 0 0 0 0 0 0.00000543599717328147 0.00000362399811552098 0.0000497858294643709
"3385586" 589419 10669 1157950 1168618 0 0 0 0 0 0 0 0 0.00000543599717328147 0.00000362399811552098 0.0000497858294643709
"3385586" 592286 7476 672400 679875 0 0 0 0 0 0 0 0 0.00000543599717328147 0.00000362399811552098 0.0000497858294643709
"3385586" 601993 5443 1777965 1783407 0 0 0 0 0 0 0 0 0.00000543599717328147 0.00000362399811552098 0.0000497858294643709
"3385586" 603680 46610 301471 348080 1 0 0 0.000886927048029966 0.000000019028685862046 0 0 0 0.00000543599717328147 0.00000362399811552098 0.0000497858294643709
"3385586" 605710 47237 644192 691428 3 0 0 2.36915151057994 0.0000501545718521486 0 0 1 0.00000543599717328147 0.00000362399811552098 0.0000497858294643709
"3385586" 606932 43762 1411285 1455046 0 0 0 0 0 0 0 0 0.00000543599717328147 0.00000362399811552098 0.0000497858294643709
"3385586" 607448 19451 907508 926958 0 0 0 0 0 0 0 0 0.00000543599717328147 0.00000362399811552098 0.0000497858294643709
"3385586" 607997 43630 1626304 1669933 0 0 0 0 0 0 0 0 0.00000543599717328147 0.00000362399811552098 0.0000497858294643709
"3385586" 150212 30787 1945950 1976736 4 0.000129924968330789 0.000129924968330789 15.2030487262757 0.000493813906073202 1 1 1 0.00000543599717328147 0.00000362399811552098 0.0000497858294643709
"3385586" 354651 7113 920099 927211 0 0 0 0 0 0 0 0 0.00000543599717328147 0.00000362399811552098 0.0000497858294643709
"3385586" 437661 11372 660792 672163 1 0 0 0.966994584990658 0.0000850329392359003 0 0 1 0.00000543599717328147 0.00000362399811552098 0.0000497858294643709
"3385586" 574646 44554 446568 491121 0 0 0 0 0 0 0 0 0.00000543599717328147 0.00000362399811552098 0.0000497858294643709
"3385586" 580613 26266 1270701 1296966 0 0 0 0 0 0 0 0 0.00000543599717328147 0.00000362399811552098 0.0000497858294643709
"3385586" 589419 10669 1157950 1168618 0 0 0 0 0 0 0 0 0.00000543599717328147 0.00000362399811552098 0.0000497858294643709
"3385586" 592286 7476 672400 679875 0 0 0 0 0 0 0 0 0.00000543599717328147 0.00000362399811552098 0.0000497858294643709
"3385586" 601993 5443 1777965 1783407 0 0 0 0 0 0 0 0 0.00000543599717328147 0.00000362399811552098 0.0000497858294643709
"3385586" 603680 46610 301471 348080 1 0 0 0.000886927048029966 0.000000019028685862046 0 0 0 0.00000543599717328147 0.00000362399811552098 0.0000497858294643709
"3385586" 605710 47237 644192 691428 3 0 0 2.36915151057994 0.0000501545718521486 0 0 1 0.00000543599717328147 0.00000362399811552098 0.0000497858294643709
"3385586" 606932 43762 1411285 1455046 0 0 0 0 0 0 0 0 0.00000543599717328147 0.00000362399811552098 0.0000497858294643709
"3385586" 607448 19451 907508 926958 0 0 0 0 0 0 0 0 0.00000543599717328147 0.00000362399811552098 0.0000497858294643709
"3385586" 607997 43630 1626304 1669933 0 0 0 0 0 0 0 0 0.00000543599717328147 0.00000362399811552098 0.0000497858294643709
"3385586" 150212 30787 1945950 1976736 4 0.000129924968330789 0.000129924968330789 15.2030487262757 0.000493813906073202 1 1 1 0.00000543599717328147 0.00000362399811552098 0.0000497858294643709
"3385586" 354651 7113 920099 927211 0 0 0 0 0 0 0 0 0.00000543599717328147 0.00000362399811552098 0.0000497858294643709
"3385586" 437661 11372 660792 672163 1 0 0 0.966994584990658 0.0000850329392359003 0 0 1 0.00000543599717328147 0.00000362399811552098 0.0000497858294643709
"3385586" 574646 44554 446568 491121 0 0 0 0 0 0 0 0 0.00000543599717328147 0.00000362399811552098 0.0000497858294643709
"3385586" 580613 26266 1270701 1296966 0 0 0 0 0 0 0 0 0.00000543599717328147 0.00000362399811552098 0.0000497858294643709
"3385586" 589419 10669 1157950 1168618 0 0 0 0 0 0 0 0 0.00000543599717328147 0.00000362399811552098 0.0000497858294643709
"3385586" 592286 7476 672400 679875 0 0 0 0 0 0 0 0 0.00000543599717328147 0.00000362399811552098 0.0000497858294643709
"3385586" 601993 5443 1777965 1783407 0 0 0 0 0 0 0 0 0.00000543599717328147 0.00000362399811552098 0.0000497858294643709
"3385586" 603680 46610 301471 348080 1 0 0 0.000886927048029966 0.000000019028685862046 0 0 0 0.00000543599717328147 0.00000362399811552098 0.0000497858294643709
"3385586" 605710 47237 644192 691428 3 0 0 2.36915151057994 0.0000501545718521486 0 0 1 0.00000543599717328147 0.00000362399811552098 0.0000497858294643709
"3385586" 606932 43762 1411285 1455046 0 0 0 0 0 0 0 0 0.00000543599717328147 0.00000362399811552098 0.0000497858294643709
"3385586" 607448 19451 907508 926958 0 0 0 0 0 0 0 0 0.00000543599717328147 0.00000362399811552098 0.0000497858294643709
"3385586" 607997 43630 1626304 1669933 0 0 0 0 0 0 0 0 0.00000543599717328147 0.00000362399811552098 0.0000497858294643709
"3385738" 117093 34227 425615 459841 0 0 0 0 0 0 0 0 0.000000678983426014571 0.000000678983426014571 0.0000519095204954938
"3385738" 124793 41767 639066 680832 1 0.0000239423468288362 0.0000239423468288362 8.48379329681772 0.000203121921536565 1 1 1 0.000000678983426014571 0.000000678983426014571 0.0000519095204954938
"3385738" 130386 20203 110126 130328 0 0 0 0 0 0 0 0 0.000000678983426014571 0.000000678983426014571 0.0000519095204954938
"3385738" 133510 95480 1938352 1986091 0 0 0 0 0 0 0 0 0.000000678983426014571 0.000000678983426014571 0.0000519095204954938
"3385738" 134373 11722 36288 48009 0 0 0 0 0 0 0 0 0.000000678983426014571 0.000000678983426014571 0.0000519095204954938
"3385738" 137033 23781 608149 631929 0 0 0 0 0 0 0 0 0.000000678983426014571 0.000000678983426014571 0.0000519095204954938
"3385738" 138559 28113 764718 792830 1 0.0000355707324013801 0.0000355707324013801 5.39562257498284 0.00019192624675356 1 1 1 0.000000678983426014571 0.000000678983426014571 0.0000519095204954938
"3385738" 139768 41152 1638725 1679876 0 0 0 0 0 0 0 0 0.000000678983426014571 0.000000678983426014571 0.0000519095204954938
"3385738" 139771 41625 601579 643203 0 0 0 0 0 0 0 0 0.000000678983426014571 0.000000678983426014571 0.0000519095204954938
"3385738" 139924 43929 1621918 1665846 0 0 0 0 0 0 0 0 0.000000678983426014571 0.000000678983426014571 0.0000519095204954938
"3385738" 140399 35378 1823969 1859346 1 0.0000282661541070722 0.0000282661541070722 9.66876143764117 0.000273298700820882 1 1 1 0.000000678983426014571 0.000000678983426014571 0.0000519095204954938
"3385738" 141265 9535 1416394 1425928 0 0 0 0 0 0 0 0 0.000000678983426014571 0.000000678983426014571 0.0000519095204954938
"3385738" 141407 175 1625387 1625561 0 0 0 0 0 0 0 0 0.000000678983426014571 0.000000678983426014571 0.0000519095204954938
"3385738" 142585 24934 1062255 1087188 0 0 0 0 0 0 0 0 0.000000678983426014571 0.000000678983426014571 0.0000519095204954938
"3385738" 143065 12780 1770980 1783759 0 0 0 0 0 0 0 0 0.000000678983426014571 0.000000678983426014571 0.0000519095204954938
"3385738" 143225 26282 316913 343194 0 0 0 0 0 0 0 0 0.000000678983426014571 0.000000678983426014571 0.0000519095204954938
"3385738" 143461 6399 776796 783194 0 0 0 0 0 0 0 0 0.000000678983426014571 0.000000678983426014571 0.0000519095204954938
"3385738" 143711 13443 124938 138380 0 0 0 0 0 0 0 0 0.000000678983426014571 0.000000678983426014571 0.0000519095204954938
"3385738" 143821 16285 1611193 1627477 0 0 0 0 0 0 0 0 0.000000678983426014571 0.000000678983426014571 0.0000519095204954938
"3385733" 106058 66524 1210318 1243579 1 0.0000150321688413204 0.0000150321688413204 21.7985102811132 0.000327678887034952 1 1 1 0.00000119712307382897 0.000000598561536914487 0.0000225436712418827
"3385733" 113202 12279 1867187 1879465 0 0 0 0 0 0 0 0 0.00000119712307382897 0.000000598561536914487 0.0000225436712418827
"3385733" 122256 22572 1765601 1788172 0 0 0 0 0 0 0 0 0.00000119712307382897 0.000000598561536914487 0.0000225436712418827
"3385733" 126812 19779 1773489 1793267 0 0 0 0 0 0 0 0 0.00000119712307382897 0.000000598561536914487 0.0000225436712418827
"3385733" 130502 30072 58725 88796 1 0.0000332535248736366 0.0000332535248736366 40.5384093978682 0.00134804500524967 1 1 1 0.00000119712307382897 0.000000598561536914487 0.0000225436712418827
"3385733" 137652 42275 1435542 1477816 0 0 0 0 0 0 0 0 0.00000119712307382897 0.000000598561536914487 0.0000225436712418827
"3385733" 139269 17477 1226672 1244148 1 0.0000572180580191108 0.0000572180580191108 21.7985102811132 0.00124726842599492 1 1 1 0.00000119712307382897 0.000000598561536914487 0.0000225436712418827
"3385733" 140014 37634 403924 441557 0 0 0 0 0 0 0 0 0.00000119712307382897 0.000000598561536914487 0.0000225436712418827
"3385733" 141002 13305 1044271 1057575 0 0 0 0 0 0 0 0 0.00000119712307382897 0.000000598561536914487 0.0000225436712418827
"3385733" 141711 7587 460679 468265 0 0 0 0 0 0 0 0 0.00000119712307382897 0.000000598561536914487 0.0000225436712418827
"3385733" 142361 40118 1250810 1290927 0 0 0 0 0 0 0 0 0.00000119712307382897 0.000000598561536914487 0.0000225436712418827
"3385733" 143863 19706 1929252 1948957 0 0 0 0 0 0 0 0 0.00000119712307382897 0.000000598561536914487 0.0000225436712418827
"3385738" 117093 34227 425615 459841 0 0 0 0 0 0 0 0 0.000000678983426014571 0.000000678983426014571 0.0000519095204954938
"3385738" 124793 41767 639066 680832 1 0.0000239423468288362 0.0000239423468288362 8.48379329681772 0.000203121921536565 1 1 1 0.000000678983426014571 0.000000678983426014571 0.0000519095204954938
"3385738" 130386 20203 110126 130328 0 0 0 0 0 0 0 0 0.000000678983426014571 0.000000678983426014571 0.0000519095204954938
"3385738" 133510 95480 1938352 1986091 0 0 0 0 0 0 0 0 0.000000678983426014571 0.000000678983426014571 0.0000519095204954938
"3385738" 134373 11722 36288 48009 0 0 0 0 0 0 0 0 0.000000678983426014571 0.000000678983426014571 0.0000519095204954938
"3385738" 137033 23781 608149 631929 0 0 0 0 0 0 0 0 0.000000678983426014571 0.000000678983426014571 0.0000519095204954938
"3385738" 138559 28113 764718 792830 1 0.0000355707324013801 0.0000355707324013801 5.39562257498284 0.00019192624675356 1 1 1 0.000000678983426014571 0.000000678983426014571 0.0000519095204954938
"3385738" 139768 41152 1638725 1679876 0 0 0 0 0 0 0 0 0.000000678983426014571 0.000000678983426014571 0.0000519095204954938
"3385738" 139771 41625 601579 643203 0 0 0 0 0 0 0 0 0.000000678983426014571 0.000000678983426014571 0.0000519095204954938
"3385738" 139924 43929 1621918 1665846 0 0 0 0 0 0 0 0 0.000000678983426014571 0.000000678983426014571 0.0000519095204954938
"3385738" 140399 35378 1823969 1859346 1 0.0000282661541070722 0.0000282661541070722 9.66876143764117 0.000273298700820882 1 1 1 0.000000678983426014571 0.000000678983426014571 0.0000519095204954938
"3385738" 141265 9535 1416394 1425928 0 0 0 0 0 0 0 0 0.000000678983426014571 0.000000678983426014571 0.0000519095204954938
"3385738" 141407 175 1625387 1625561 0 0 0 0 0 0 0 0 0.000000678983426014571 0.000000678983426014571 0.0000519095204954938
"3385738" 142585 24934 1062255 1087188 0 0 0 0 0 0 0 0 0.000000678983426014571 0.000000678983426014571 0.0000519095204954938
"3385738" 143065 12780 1770980 1783759 0 0 0 0 0 0 0 0 0.000000678983426014571 0.000000678983426014571 0.0000519095204954938
"3385738" 143225 26282 316913 343194 0 0 0 0 0 0 0 0 0.000000678983426014571 0.000000678983426014571 0.0000519095204954938
"3385738" 143461 6399 776796 783194 0 0 0 0 0 0 0 0 0.000000678983426014571 0.000000678983426014571 0.0000519095204954938
"3385738" 143711 13443 124938 138380 0 0 0 0 0 0 0 0 0.000000678983426014571 0.000000678983426014571 0.0000519095204954938
"3385738" 143821 16285 1611193 1627477 0 0 0 0 0 0 0 0 0.000000678983426014571 0.000000678983426014571 0.0000519095204954938
"3385791" 24078 11681 387939 399619 1 0.0000856091088091773 0.0000856091088091773 23.7933011028579 0.00203692330304408 1 1 1 0.0000026020728112014 0.00000715570023080386 0.0000398387126900091
"3385791" 108954 3395 439177 442571 0 0 0 0 0 0 0 0 0.0000026020728112014 0.00000715570023080386 0.0000398387126900091
"3385791" 110026 26912 1303908 1330819 0 0 0 0 0 0 0 0 0.0000026020728112014 0.00000715570023080386 0.0000398387126900091
"3385791" 111609 722 300329 301050 0 0 0 0 0 0 0 0 0.0000026020728112014 0.00000715570023080386 0.0000398387126900091
"3385791" 115022 18359 521971 540329 0 0 0 0 0 0 0 0 0.0000026020728112014 0.00000715570023080386 0.0000398387126900091
"3385791" 125314 19422 1131052 1150473 0 0 0 0 0 0 0 0 0.0000026020728112014 0.00000715570023080386 0.0000398387126900091
"3385791" 133354 20232 1332809 1353040 0 0 0 0 0 0 0 0 0.0000026020728112014 0.00000715570023080386 0.0000398387126900091
"3385791" 135354 21098 1071852 1092949 0 0 0 0 0 0 0 0 0.0000026020728112014 0.00000715570023080386 0.0000398387126900091
"3385791" 138048 21351 1872229 1893579 1 0.0000468362137604796 0.0000468362137604796 14.9651955564033 0.000700913098047084 1 1 1 0.0000026020728112014 0.00000715570023080386 0.0000398387126900091
"3385791" 138135 28851 815942 844792 0 0 0 0 0 0 0 0 0.0000026020728112014 0.00000715570023080386 0.0000398387126900091
"3385791" 138284 20064 252053 272116 0 0 0 0 0 0 0 0 0.0000026020728112014 0.00000715570023080386 0.0000398387126900091
"3385791" 138679 36300 921922 958221 0 0 0 0 0 0 0 0 0.0000026020728112014 0.00000715570023080386 0.0000398387126900091
"3385791" 139200 28402 864570 892971 0 0 0 0 0 0 0 0 0.0000026020728112014 0.00000715570023080386 0.0000398387126900091
"3385791" 139694 43566 1628648 1672213 0 0 0 0 0 0 0 0 0.0000026020728112014 0.00000715570023080386 0.0000398387126900091
"3385791" 140030 40077 614145 654221 0 0 0 0 0 0 0 0 0.0000026020728112014 0.00000715570023080386 0.0000398387126900091
"3385791" 140128 30101 1613570 1643670 0 0 0 0 0 0 0 0 0.0000026020728112014 0.00000715570023080386 0.0000398387126900091
"3385791" 140867 46395 1836412 1882806 1 0.0000215540467722815 0.0000215540467722815 14.9651955564033 0.000322560524979056 1 1 1 0.0000026020728112014 0.00000715570023080386 0.0000398387126900091
"3385791" 140986 45836 1827270 1873105 0 0 0 0 0 0 0 0 0.0000026020728112014 0.00000715570023080386 0.0000398387126900091
"3385725" 46591 49219 2020293 2069511 2 0.0000406347142363721 0 0 0 1 0 0 0.00000234018487460509 0.00000156012324973673 0.0000559085820427859
"3385725" 53633 46779 513591 560369 0 0 0 0 0 0 0 0 0.00000234018487460509 0.00000156012324973673 0.0000559085820427859
"3385725" 84204 47750 528438 576187 1 0.0000209424083769633 0.0000209424083769633 12.3372121626804 0.000258370935344091 1 1 1 0.00000234018487460509 0.00000156012324973673 0.0000559085820427859
"3385725" 95152 49325 948213 997537 1 0.000020273694880892 0 4.73378295896661 0.0000959712713424553 1 0 1 0.00000234018487460509 0.00000156012324973673 0.0000559085820427859
"3385725" 96929 12449 948694 961142 0 0 0 0 0 0 0 0 0.00000234018487460509 0.00000156012324973673 0.0000559085820427859
"3385725" 97889 17597 1153787 1171383 0 0 0 0 0 0 0 0 0.00000234018487460509 0.00000156012324973673 0.0000559085820427859
"3385725" 103757 686 1011264 1011949 0 0 0 0 0 0 0 0 0.00000234018487460509 0.00000156012324973673 0.0000559085820427859
"3385725" 106726 47499 1818689 1866187 0 0 0 0 0 0 0 0 0.00000234018487460509 0.00000156012324973673 0.0000559085820427859
"3385725" 111450 49232 2003412 2052643 1 0.000020311992200195 0 0 0 1 0 0 0.00000234018487460509 0.00000156012324973673 0.0000559085820427859
"3385725" 118724 25522 225213 250734 0 0 0 0 0 0 0 0 0.00000234018487460509 0.00000156012324973673 0.0000559085820427859
"3385725" 123457 16297 245040 261336 0 0 0 0 0 0 0 0 0.00000234018487460509 0.00000156012324973673 0.0000559085820427859
"3385725" 125363 33821 1443111 1476931 0 0 0 0 0 0 0 0 0.00000234018487460509 0.00000156012324973673 0.0000559085820427859
"3385725" 127213 48753 1932857 1981609 0 0 0 0 0 0 0 0 0.00000234018487460509 0.00000156012324973673 0.0000559085820427859
"3385725" 129518 36874 1159781 1196654 1 0.0000271193795085968 0.0000271193795085968 11.2569981286036 0.000305282804377166 1 1 1 0.00000234018487460509 0.00000156012324973673 0.0000559085820427859
"3385725" 130357 925 1115562 1116486 0 0 0 0 0 0 0 0 0.00000234018487460509 0.00000156012324973673 0.0000559085820427859
"3385725" 130806 8760 373610 382369 0 0 0 0 0 0 0 0 0.00000234018487460509 0.00000156012324973673 0.0000559085820427859
"3385725" 131183 36655 1413519 1450173 0 0 0 0 0 0 0 0 0.00000234018487460509 0.00000156012324973673 0.0000559085820427859
"3385725" 132177 20028 845166 865193 0 0 0 0 0 0 0 0 0.00000234018487460509 0.00000156012324973673 0.0000559085820427859
"3385725" 133740 7390 438598 445987 0 0 0 0 0 0 0 0 0.00000234018487460509 0.00000156012324973673 0.0000559085820427859
"3385725" 134322 16599 1617652 1634250 0 0 0 0 0 0 0 0 0.00000234018487460509 0.00000156012324973673 0.0000559085820427859
"3385725" 134819 46515 1636351 1682865 0 0 0 0 0 0 0 0 0.00000234018487460509 0.00000156012324973673 0.0000559085820427859
"3385725" 136306 4606 1723964 1728569 0 0 0 0 0 0 0 0 0.00000234018487460509 0.00000156012324973673 0.0000559085820427859
"3385725" 136540 10934 824286 835219 0 0 0 0 0 0 0 0 0.00000234018487460509 0.00000156012324973673 0.0000559085820427859
"3385725" 136572 3177 2079918 2083094 0 0 0 0 0 0 0 0 0.00000234018487460509 0.00000156012324973673 0.0000559085820427859
"3385725" 136612 47843 148829 196671 0 0 0 0 0 0 0 0 0.00000234018487460509 0.00000156012324973673 0.0000559085820427859
"3385725" 136680 22932 610548 633479 0 0 0 0 0 0 0 0 0.00000234018487460509 0.00000156012324973673 0.0000559085820427859
"3385725" 136776 2623 968892 971514 0 0 0 0 0 0 0 0 0.00000234018487460509 0.00000156012324973673 0.0000559085820427859
"3385725" 136962 7260 1688117 1695376 0 0 0 0 0 0 0 0 0.00000234018487460509 0.00000156012324973673 0.0000559085820427859
"3385761" 72625 42742 306012 348753 1 0.0000233961911000889 0.0000233961911000889 7.83988507147043 0.000183423449334856 1 1 1 0.000000706034191823842 0.000000706034191823842 0.0000210225230085785
"3385761" 82776 32336 423014 455349 1 0.0000309252845126175 0.0000309252845126175 40.0158517080538 0.00123750159908627 1 1 1 0.000000706034191823842 0.000000706034191823842 0.0000210225230085785
"3385761" 102008 21379 638678 660056 1 0.0000467748725384723 0.0000467748725384723 6.36127706357477 0.000297547923830617 1 1 1 0.000000706034191823842 0.000000706034191823842 0.0000210225230085785
"3385761" 107763 27627 242394 270020 0 0 0 0 0 0 0 0 0.000000706034191823842 0.000000706034191823842 0.0000210225230085785
"3385761" 107899 20628 570321 590948 0 0 0 0 0 0 0 0 0.000000706034191823842 0.000000706034191823842 0.0000210225230085785
"3385761" 108964 34963 1756536 1791498 0 0 0 0 0 0 0 0 0.000000706034191823842 0.000000706034191823842 0.0000210225230085785
"3385761" 111483 16739 452090 468828 0 0 0 0 0 0 0 0 0.000000706034191823842 0.000000706034191823842 0.0000210225230085785
"3385761" 121490 24186 1757607 1781792 0 0 0 0 0 0 0 0 0.000000706034191823842 0.000000706034191823842 0.0000210225230085785
"3385761" 126079 35898 1862481 1898378 1 0.0000278567051089197 0.0000278567051089197 1.94400137296801 0.0000541534729781049 1 1 1 0.000000706034191823842 0.000000706034191823842 0.0000210225230085785
"3385761" 126978 12980 1637203 1650182 0 0 0 0 0 0 0 0 0.000000706034191823842 0.000000706034191823842 0.0000210225230085785
"3385761" 129430 11732 1530323 1542054 0 0 0 0 0 0 0 0 0.000000706034191823842 0.000000706034191823842 0.0000210225230085785
"3385761" 129997 22327 666476 688802 1 0 0 0.133532197103616 0.00000598074963513306 0 0 0 0.000000706034191823842 0.000000706034191823842 0.0000210225230085785
"3385761" 130216 1308 1163477 1164784 0 0 0 0 0 0 0 0 0.000000706034191823842 0.000000706034191823842 0.0000210225230085785
"3385761" 131385 37096 1659946 1697041 0 0 0 0 0 0 0 0 0.000000706034191823842 0.000000706034191823842 0.0000210225230085785
"3385761" 136944 7776 560064 567839 0 0 0 0 0 0 0 0 0.000000706034191823842 0.000000706034191823842 0.0000210225230085785
"3385761" 137173 18708 756453 775160 1 0.000053453068206115 0.000053453068206115 12.0914845330548 0.000646326947458563 1 1 1 0.000000706034191823842 0.000000706034191823842 0.0000210225230085785
"3385761" 137229 34177 163773 197949 0 0 0 0 0 0 0 0 0.000000706034191823842 0.000000706034191823842 0.0000210225230085785
"3385761" 137697 24513 1604607 1629119 0 0 0 0 0 0 0 0 0.000000706034191823842 0.000000706034191823842 0.0000210225230085785
"3385761" 138768 4272 2020049 2024320 0 0 0 0 0 0 0 0 0.000000706034191823842 0.000000706034191823842 0.0000210225230085785
"3385761" 138937 5693 1962449 1968141 0 0 0 0 0 0 0 0 0.000000706034191823842 0.000000706034191823842 0.0000210225230085785
"3385761" 138959 17085 1305256 1322340 0 0 0 0 0 0 0 0 0.000000706034191823842 0.000000706034191823842 0.0000210225230085785
"3385761" 139046 22439 1401053 1423491 0 0 0 0 0 0 0 0 0.000000706034191823842 0.000000706034191823842 0.0000210225230085785
"3385761" 139199 8323 1542083 1550405 0 0 0 0 0 0 0 0 0.000000706034191823842 0.000000706034191823842 0.0000210225230085785
"3385761" 140934 39759 1326559 1366317 0 0 0 0 0 0 0 0 0.000000706034191823842 0.000000706034191823842 0.0000210225230085785
"3385761" 141306 26642 926015 952656 1 0.0000375347196156445 0.0000375347196156445 1.83846532029835 0.0000690062803204844 1 1 1 0.000000706034191823842 0.000000706034191823842 0.0000210225230085785
"3385761" 141692 32310 1960717 1993026 0 0 0 0 0 0 0 0 0.000000706034191823842 0.000000706034191823842 0.0000210225230085785
